-3.697099 1.682696 -1.666570
-3.702020 1.631470 -1.666570
-3.706941 1.580243 -1.666570
-3.711862 1.529017 -1.666575
-3.716784 1.477791 -1.666561
-3.721704 1.426564 -1.666575
-3.726626 1.375338 -1.666571
-3.731547 1.324112 -1.666570
-3.736468 1.272886 -1.666571
-3.741390 1.221659 -1.666570
-3.746311 1.170433 -1.666570
-3.751232 1.119207 -1.666575
-3.756153 1.067981 -1.666570
-3.761075 1.016754 -1.666565
-3.765996 0.965528 -1.666575
-3.770917 0.914302 -1.666565
-3.775838 0.863075 -1.666575
-3.780759 0.811849 -1.666570
-3.785681 0.760623 -1.666570
-3.790602 0.709396 -1.666570
-3.795523 0.658170 -1.666570
-3.800444 0.606944 -1.666566
-3.805365 0.555718 -1.666575
-3.810287 0.504491 -1.666575
-3.815208 0.453265 -1.666566
-3.820129 0.402039 -1.666575
-3.825050 0.350813 -1.666565
-3.829971 0.299586 -1.666566
-3.834892 0.248360 -1.666575
-3.839814 0.197134 -1.666575
-3.844735 0.145907 -1.666565
-3.849656 0.094681 -1.666575
-3.854578 0.043455 -1.666566
-3.859499 -0.007771 -1.666575
-3.864420 -0.058998 -1.666566
-3.869341 -0.110224 -1.666575
-3.874262 -0.161450 -1.666565
-3.879183 -0.212677 -1.666575
-3.884105 -0.263903 -1.666570
-3.889026 -0.315129 -1.666570
-3.893947 -0.366355 -1.666570
-3.898868 -0.417582 -1.666566
-3.903789 -0.468808 -1.666575
-3.908711 -0.520034 -1.666566
-3.913632 -0.571261 -1.666575
-3.918553 -0.622487 -1.666566
-3.923474 -0.673713 -1.666575
-3.928396 -0.724939 -1.666566
-3.933316 -0.776166 -1.666575
-3.938238 -0.827392 -1.666571
-3.943159 -0.878618 -1.666570
-3.948080 -0.929845 -1.666571
-3.953001 -0.981071 -1.666570
-3.957923 -1.032297 -1.666570
-3.962844 -1.083524 -1.666571
-3.967765 -1.134750 -1.666570
-3.972686 -1.185976 -1.666570
-3.977607 -1.237202 -1.666570
-3.982529 -1.288429 0.009685
-3.931917 -1.287938 0.009683
-3.881306 -1.287448 0.009685
-3.830694 -1.286958 0.009685
-3.780082 -1.286468 0.009683
-3.729471 -1.285978 0.009687
-3.678860 -1.285488 0.009683
-3.628248 -1.284997 0.009685
-3.577637 -1.284507 0.009685
-3.527025 -1.284017 0.009685
-3.476414 -1.283527 0.009685
-3.425802 -1.283037 0.009685
-3.375191 -1.282547 0.009685
-3.324579 -1.282056 0.009685
-3.273968 -1.281566 0.009685
-3.223356 -1.281076 0.009683
-3.172745 -1.280586 0.009687
-3.122133 -1.280096 0.009683
-3.071522 -1.279606 0.009683
-3.020910 -1.279115 0.009687
-2.970299 -1.278625 0.009683
-2.919687 -1.278135 0.009685
-2.869076 -1.277645 0.009685
-2.818464 -1.277155 0.009685
-2.767853 -1.276664 0.009683
-2.717241 -1.276174 0.009687
-2.666630 -1.275684 0.009685
-2.616019 -1.275194 0.009683
-2.565407 -1.274704 0.009685
-2.514795 -1.274214 0.009683
-2.464184 -1.273724 0.009685
-2.413572 -1.273233 0.009685
-2.362961 -1.272743 0.009685
-2.312349 -1.272253 0.009685
-2.261738 -1.271763 0.009685
-2.211126 -1.271273 0.009683
-2.160515 -1.270783 0.009687
-2.109903 -1.270292 0.009683
-2.059292 -1.269802 0.009685
-2.008680 -1.269312 0.009685
-1.958069 -1.268822 0.009685
-1.907457 -1.268332 0.009683
-1.856846 -1.267842 0.009685
-1.806235 -1.267351 0.009685
-1.755623 -1.266861 0.009683
-1.705012 -1.266371 0.009687
-1.654400 -1.265881 0.009683
-1.603788 -1.265391 0.009685
-1.553177 -1.264901 0.009685
-1.502565 -1.264410 0.009683
-1.451954 -1.263920 0.009685
-1.401343 -1.263430 0.009685
-1.350731 -1.262940 0.009685
-1.300120 -1.262450 0.009685
-1.249508 -1.261960 0.009685
-1.198896 -1.261469 0.009685
-1.148285 -1.260979 0.009685
-1.097674 -1.260489 0.009685
-1.047062 -1.259999 0.009683
-0.996451 -1.259509 0.009685
-0.945839 -1.259019 0.009685
-0.895228 -1.258528 0.009685
-0.844616 -1.258038 0.009683
-0.794004 -1.257548 0.009685
-0.743393 -1.257058 0.009685
-0.692782 -1.256568 0.009685
-0.642170 -1.256078 0.009685
-0.591559 -1.255587 0.009685
-0.540947 -1.255097 0.009685
-0.490336 -1.254607 0.009685
-0.439724 -1.254117 0.009685
-0.389113 -1.253627 0.009683
-0.338501 -1.253137 0.009683
-0.287890 -1.252646 0.009687
-0.237278 -1.252156 0.009683
-0.186667 -1.251666 0.009685
-0.136055 -1.251176 0.009685
-0.085444 -1.250686 0.009685
-0.034832 -1.250196 0.009685
0.015779 -1.249705 0.009685
0.066391 -1.249215 0.009683
0.117002 -1.248725 0.009685
0.167614 -1.248235 0.009685
0.218225 -1.247745 0.009683
0.268837 -1.247255 0.009687
0.319448 -1.246764 0.009683
0.370060 -1.246274 0.009685
0.420671 -1.245784 0.009685
0.471283 -1.245294 0.009685
0.521894 -1.244804 0.009685
0.572506 -1.244313 0.009685
0.623117 -1.243823 0.009685
0.673729 -1.243333 0.009683
0.724340 -1.242843 0.009685
0.774952 -1.242353 0.009685
0.825563 -1.241863 0.009683
0.876175 -1.241373 0.009685
0.926786 -1.240882 0.009685
0.977398 -1.240392 0.009685
1.028009 -1.239902 0.009683
1.078621 -1.239412 0.009685
1.129232 -1.238922 0.009687
1.179844 -1.238431 0.009683
1.230455 -1.237941 0.009685
1.281067 -1.237451 0.009685
1.331678 -1.236961 0.009683
1.382290 -1.236471 0.009687
1.432901 -1.235981 0.009685
1.483513 -1.235490 0.009683
1.534124 -1.235000 0.009685
1.584736 -1.234510 0.009685
1.635347 -1.234020 0.009683
1.685959 -1.233530 0.009687
1.736570 -1.233040 0.009685
1.787181 -1.232549 0.009683
1.837793 -1.232059 0.009685
1.888405 -1.231569 0.009685
1.939016 -1.231079 0.009683
1.989628 -1.230589 0.009687
2.040239 -1.230099 0.009683
2.090851 -1.229609 0.009685
2.141462 -1.229118 1.536134
2.143227 -1.178233 1.536133
2.144991 -1.127348 1.536134
2.146756 -1.076462 1.536129
2.148520 -1.025577 1.536134
2.150285 -0.974691 1.536134
2.152050 -0.923806 1.536133
2.153814 -0.872921 1.536134
2.155579 -0.822035 1.536133
2.157343 -0.771150 1.536129
2.159108 -0.720264 1.536133
2.160872 -0.669379 1.536134
2.162637 -0.618494 1.536133
2.164402 -0.567608 1.536134
2.166166 -0.516723 1.536134
2.167931 -0.465838 1.536129
2.169695 -0.414952 1.536134
2.171460 -0.364067 1.536134
2.173224 -0.313181 1.536138
2.174989 -0.262296 1.536124
2.176754 -0.211411 1.536138
2.178518 -0.160525 1.536129
2.180283 -0.109640 1.536134
2.182047 -0.058754 1.536138
2.183812 -0.007869 1.536129
2.185576 0.043016 1.536134
2.187341 0.093902 1.536134
2.189106 0.144787 1.536134
2.190870 0.195672 1.536129
2.192635 0.246558 1.536133
2.194399 0.297443 1.536134
2.196164 0.348329 1.536134
2.197928 0.399214 1.536134
2.199693 0.450099 1.536133
2.201458 0.500985 1.536129
2.203222 0.551870 1.536138
2.204987 0.602755 1.536129
2.206751 0.653641 1.536133
2.208516 0.704526 1.536134
2.210280 0.755412 1.536129
2.212045 0.806297 1.536134
2.213810 0.857183 1.536133
2.215574 0.908068 1.536134
2.217339 0.958953 1.536133
2.219103 1.009838 1.536134
2.220868 1.060724 1.536134
2.222632 1.111609 1.536133
2.224397 1.162495 1.536133
2.226161 1.213380 1.536129
2.227926 1.264265 1.536134
2.229691 1.315151 1.536133
2.231455 1.366036 1.536134
2.233220 1.416922 1.536134
2.234984 1.467807 1.536129
2.236749 1.518692 1.536133
2.238514 1.569578 1.536133
2.240278 1.620463 1.536134
2.242043 1.671349 3.139683
2.191281 1.671445 3.139681
2.140519 1.671543 3.139683
2.089757 1.671639 3.139681
2.038995 1.671736 3.139681
1.988233 1.671834 3.139681
1.937471 1.671931 3.139683
1.886710 1.672027 3.139681
1.835948 1.672125 3.139683
1.785186 1.672221 3.139681
1.734424 1.672318 3.139683
1.683662 1.672415 3.139681
1.632900 1.672512 3.139683
1.582138 1.672609 3.139681
1.531376 1.672706 3.139681
1.480614 1.672803 3.139681
1.429852 1.672900 3.139683
1.379091 1.672997 3.139681
1.328329 1.673094 3.139683
1.277567 1.673191 3.139681
1.226805 1.673288 3.139683
1.176043 1.673385 3.139681
1.125281 1.673482 3.139683
1.074519 1.673579 3.139681
1.023757 1.673676 3.139681
0.972995 1.673773 3.139681
0.922234 1.673870 3.139686
0.871472 1.673967 3.139679
0.820710 1.674064 3.139683
0.769948 1.674161 3.139681
0.719186 1.674258 3.139686
0.668424 1.674355 3.139679
0.617662 1.674452 3.139686
0.566900 1.674549 3.139679
0.516138 1.674646 3.139686
0.465376 1.674743 3.139681
0.414615 1.674840 3.139681
0.363853 1.674937 3.139681
0.313091 1.675034 3.139683
0.262329 1.675131 3.139681
0.211567 1.675228 3.139683
0.160805 1.675325 3.139681
0.110043 1.675422 3.139683
0.059281 1.675519 3.139681
0.008520 1.675616 3.139683
-0.042243 1.675713 3.139681
-0.093004 1.675810 3.139681
-0.143766 1.675907 3.139681
-0.194528 1.676004 3.139686
-0.245290 1.676101 3.139676
-0.296052 1.676198 3.139686
-0.346814 1.676295 3.139681
-0.397576 1.676392 3.139683
-0.448338 1.676489 3.139681
-0.499099 1.676586 3.139683
-0.549861 1.676683 3.139681
-0.600623 1.676780 3.139681
-0.651385 1.676877 3.139681
-0.702147 1.676974 3.139683
-0.752909 1.677071 3.139683
-0.803671 1.677168 3.139681
-0.854433 1.677265 3.139681
-0.905195 1.677362 3.139681
-0.955957 1.677459 3.139683
-1.006718 1.677556 3.139683
-1.057480 1.677653 3.139681
-1.108242 1.677750 3.139683
-1.159004 1.677847 3.139683
-1.209766 1.677943 3.139681
-1.260528 1.678041 3.139681
-1.311290 1.678138 3.139681
-1.362052 1.678235 3.139683
-1.412814 1.678331 3.139683
-1.463576 1.678428 3.139681
-1.514337 1.678525 3.139681
-1.565099 1.678622 3.139683
-1.615861 1.678719 3.139679
-1.666623 1.678817 3.139683
-1.717385 1.678913 3.139683
-1.768147 1.679010 3.139681
-1.818909 1.679107 3.139681
-1.869671 1.679204 3.139683
-1.920433 1.679301 3.139683
-1.971194 1.679398 3.139681
-2.021956 1.679495 3.139681
-2.072718 1.679592 3.139683
-2.123480 1.679689 3.139683
-2.174242 1.679786 3.139681
-2.225004 1.679883 3.139681
-2.275766 1.679980 3.139681
-2.326528 1.680077 3.139683
-2.377290 1.680174 3.139681
-2.428051 1.680271 3.139683
-2.478813 1.680368 3.139681
-2.529575 1.680465 3.139683
-2.580337 1.680562 3.139681
-2.631099 1.680659 3.139683
-2.681861 1.680756 3.139681
-2.732623 1.680853 3.139683
-2.783385 1.680950 3.139679
-2.834147 1.681047 3.139683
-2.884908 1.681144 3.139681
-2.935670 1.681241 3.139683
-2.986432 1.681338 3.139681
-3.037194 1.681435 3.139683
-3.087956 1.681532 3.139681
-3.138718 1.681629 3.139683
-3.189480 1.681726 3.139681
-3.240242 1.681823 3.139683
-3.291004 1.681920 3.139681
-3.341765 1.682017 3.139683
-3.392527 1.682114 3.139679
-3.443289 1.682211 3.139683
-3.494051 1.682308 3.139681
-3.544813 1.682405 3.139683
-3.595575 1.682502 3.139681
-3.646337 1.682599 3.139683
EOP
-3.696363 1.506302 -0.001911
-3.645392 1.506205 -0.001911
-3.594422 1.506107 -0.001911
-3.543451 1.506010 -0.001911
-3.492480 1.505913 -0.001908
-3.441509 1.505815 -0.001913
-3.390538 1.505718 -0.001908
-3.339568 1.505621 -0.001913
-3.288597 1.505523 -0.001908
-3.237626 1.505426 -0.001913
-3.186655 1.505328 -0.001908
-3.135684 1.505231 -0.001911
-3.084714 1.505134 -0.001911
-3.033743 1.505036 -0.001908
-2.982772 1.504939 -0.001913
-2.931802 1.504841 -0.001911
-2.880831 1.504744 -0.001911
-2.829860 1.504647 -0.001911
-2.778889 1.504549 -0.001911
-2.727918 1.504452 -0.001908
-2.676948 1.504355 -0.001911
-2.625977 1.504257 -0.001911
-2.575006 1.504160 -0.001911
-2.524035 1.504062 -0.001911
-2.473064 1.503965 -0.001911
-2.422094 1.503868 -0.001913
-2.371123 1.503770 -0.001908
-2.320152 1.503673 -0.001911
-2.269181 1.503575 -0.001908
-2.218211 1.503478 -0.001911
-2.167240 1.503381 -0.001913
-2.116269 1.503283 -0.001908
-2.065298 1.503186 -0.001911
-2.014328 1.503089 -0.001911
-1.963356 1.502991 -0.001913
-1.912386 1.502894 -0.001911
-1.861415 1.502796 -0.001911
-1.810444 1.502699 -0.001908
-1.759474 1.502602 -0.001911
-1.708503 1.502504 -0.001911
-1.657532 1.502407 -0.001911
-1.606561 1.502309 -0.001911
-1.555590 1.502212 -0.001908
-1.504620 1.502115 -0.001913
-1.453649 1.502017 -0.001908
-1.402678 1.501920 -0.001913
-1.351707 1.501822 -0.001908
-1.300736 1.501725 -0.001911
-1.249766 1.501628 -0.001911
-1.198795 1.501530 -0.001913
-1.147824 1.501433 -0.001908
-1.096853 1.501336 -0.001911
-1.045882 1.501238 -0.001911
-0.994912 1.501141 -0.001908
-0.943941 1.501044 -0.001913
-0.892970 1.500946 -0.001908
-0.841999 1.500849 -0.001913
-0.791029 1.500751 -0.001908
-0.740058 1.500654 -0.001913
-0.689087 1.500556 -0.001908
-0.638116 1.500459 -0.001913
-0.587146 1.500362 -0.001908
-0.536175 1.500264 -0.001911
-0.485204 1.500167 -0.001911
-0.434233 1.500070 -0.001911
-0.383263 1.499972 -0.001911
-0.332292 1.499875 -0.001911
-0.281321 1.499777 -0.001911
-0.230350 1.499680 -0.001908
-0.179379 1.499583 -0.001911
-0.128409 1.499485 -0.001911
-0.077438 1.499388 -0.001913
-0.026467 1.499290 -0.001908
0.024504 1.499193 -0.001913
0.075475 1.499096 -0.001911
0.126445 1.498998 -0.001911
0.177416 1.498901 -0.001908
0.228387 1.498804 -0.001911
0.279358 1.498706 -0.001911
0.330329 1.498609 -0.001911
0.381299 1.498511 -0.001911
0.432270 1.498414 -0.001908
0.483241 1.498317 -0.001913
0.534212 1.498219 -0.001908
0.585183 1.498122 -0.001911
0.636153 1.498025 -0.001911
0.687124 1.497927 -0.001911
0.738095 1.497830 -0.001911
0.789066 1.497732 -0.001911
0.840037 1.497635 -0.001911
0.891007 1.497538 -0.001908
0.941978 1.497440 -0.001913
0.992949 1.497343 -0.001908
1.043919 1.497246 -0.001913
1.094890 1.497148 -0.001911
1.145861 1.497051 -0.001911
1.196832 1.496953 -0.001911
1.247802 1.496856 -0.001911
1.298773 1.496758 -0.001908
1.349744 1.496661 -0.001911
1.400715 1.496564 -0.001911
1.451686 1.496466 -0.001911
1.502656 1.496369 -0.001911
1.553627 1.496272 -0.087557
1.633823 1.489232 -0.284288
1.699411 1.470067 -0.515051
1.750397 1.441208 -0.781724
1.786787 1.405085 -1.081715
1.808584 1.364129 -1.406044
1.815793 1.320771 -1.739369
1.808418 1.277440 -2.063692
1.786465 1.236567 -2.363691
1.749938 1.200583 -2.630362
1.698841 1.171920 -2.861131
1.633180 1.153006 -3.057855
1.552959 1.146272 3.139682
1.501917 1.146370 3.139680
1.450876 1.146467 3.139682
1.399834 1.146565 3.139685
1.348792 1.146662 3.139682
1.297751 1.146760 3.139682
1.246709 1.146857 3.139682
1.195668 1.146955 3.139680
1.144626 1.147053 3.139682
1.093585 1.147150 3.139682
1.042543 1.147248 3.139685
0.991501 1.147345 3.139682
0.940460 1.147442 3.139680
0.889418 1.147540 3.139682
0.838377 1.147638 3.139682
0.787335 1.147735 3.139682
0.736293 1.147833 3.139682
0.685252 1.147930 3.139682
0.634210 1.148028 3.139682
0.583169 1.148125 3.139682
0.532127 1.148223 3.139682
0.481086 1.148320 3.139682
0.430044 1.148418 3.139682
0.379003 1.148515 3.139682
0.327961 1.148613 3.139680
0.276919 1.148710 3.139685
0.225878 1.148808 3.139682
0.174836 1.148905 3.139680
0.123795 1.149003 3.139685
0.072753 1.149100 3.139682
0.021711 1.149198 3.139680
-0.029330 1.149295 3.139685
-0.080372 1.149393 3.139680
-0.131413 1.149490 3.139682
-0.182455 1.149588 3.139685
-0.233497 1.149685 3.139680
-0.284538 1.149783 3.139682
-0.335580 1.149881 3.139685
-0.386621 1.149978 3.139680
-0.437663 1.150076 3.139680
-0.488704 1.150173 3.139687
-0.539746 1.150270 3.139678
-0.590788 1.150368 3.139682
-0.641829 1.150466 3.139685
-0.692871 1.150563 3.139680
-0.743912 1.150661 3.139682
-0.794954 1.150758 3.139685
-0.845995 1.150856 3.139680
-0.897037 1.150953 3.139682
-0.948079 1.151051 3.139682
-0.999120 1.151148 3.139682
-1.050162 1.151246 3.139682
-1.101203 1.151343 3.139682
-1.152245 1.151441 3.139682
-1.203286 1.151538 3.139682
-1.254328 1.151636 3.139682
-1.305369 1.151733 3.139682
-1.356411 1.151831 3.139682
-1.407453 1.151928 3.139682
-1.458494 1.152026 3.139682
-1.509536 1.152123 3.139682
-1.560577 1.152221 3.139682
-1.611619 1.152318 3.139682
-1.662661 1.152416 3.139682
-1.713702 1.152514 3.139682
-1.764744 1.152611 3.139682
-1.815785 1.152709 3.139682
-1.866827 1.152806 3.139680
-1.917868 1.152904 3.139682
-1.968910 1.153001 3.139682
-2.019952 1.153099 3.139682
-2.070993 1.153196 3.139682
-2.122035 1.153294 3.139682
-2.173076 1.153391 3.139682
-2.224118 1.153489 3.139682
-2.275159 1.153586 3.139682
-2.326201 1.153684 3.139682
-2.377243 1.153781 3.139682
-2.428284 1.153879 3.139682
-2.479326 1.153976 3.139682
-2.530367 1.154074 3.139682
-2.581409 1.154171 3.139682
-2.632451 1.154269 3.139682
-2.683492 1.154366 3.139680
-2.734534 1.154464 3.139682
-2.785575 1.154562 3.139685
-2.836617 1.154659 3.139682
-2.887658 1.154756 3.139682
-2.938700 1.154854 3.139680
-2.989741 1.154952 3.139682
-3.040783 1.155049 3.139682
-3.091825 1.155147 3.139685
-3.142866 1.155244 3.139682
-3.193908 1.155342 3.139682
-3.244950 1.155439 3.139680
-3.295991 1.155537 3.139682
-3.347033 1.155634 -3.057857
-3.427254 1.148901 -2.861127
-3.492915 1.129987 -2.630364
-3.544012 1.101323 -2.363685
-3.580539 1.065339 -2.063702
-3.602492 1.024467 -1.739372
-3.609867 0.981136 -1.406038
-3.602658 0.937777 -1.081724
-3.580861 0.896821 -0.781719
-3.544471 0.860698 -0.515057
-3.493485 0.831839 -0.284282
-3.427896 0.812675 -0.087559
-3.347701 0.805635 -0.001910
-3.296659 0.805537 -0.001910
-3.245618 0.805440 -0.001912
-3.194577 0.805342 -0.001910
-3.143535 0.805245 -0.001909
-3.092494 0.805147 -0.001910
-3.041452 0.805050 -0.001912
-2.990410 0.804952 -0.001910
-2.939369 0.804855 -0.001910
-2.888327 0.804757 -0.001910
-2.837286 0.804660 -0.001909
-2.786244 0.804562 -0.001913
-2.735202 0.804465 -0.001910
-2.684161 0.804367 -0.001909
-2.633119 0.804270 -0.001910
-2.582078 0.804172 -0.001910
-2.531036 0.804075 -0.001912
-2.479995 0.803977 -0.001910
-2.428953 0.803879 -0.001910
-2.377911 0.803782 -0.001909
-2.326870 0.803684 -0.001913
-2.275828 0.803587 -0.001910
-2.224787 0.803489 -0.001909
-2.173745 0.803392 -0.001910
-2.122704 0.803294 -0.001912
-2.071662 0.803197 -0.001910
-2.020620 0.803099 -0.001910
-1.969579 0.803002 -0.001909
-1.918537 0.802904 -0.001912
-1.867496 0.802807 -0.001910
-1.816454 0.802709 -0.001910
-1.765413 0.802612 -0.001912
-1.714371 0.802514 -0.001909
-1.663329 0.802417 -0.001910
-1.612288 0.802319 -0.001913
-1.561246 0.802222 -0.001909
-1.510205 0.802124 -0.001909
-1.459163 0.802027 -0.001912
-1.408121 0.801929 -0.001910
-1.357080 0.801832 -0.001910
-1.306038 0.801734 -0.001912
-1.254997 0.801636 -0.001909
-1.203955 0.801539 -0.001910
-1.152914 0.801441 -0.001912
-1.101872 0.801344 -0.001910
-1.050830 0.801246 -0.001909
-0.999789 0.801149 -0.001912
-0.948747 0.801051 -0.001910
-0.897706 0.800954 -0.001910
-0.846664 0.800856 -0.001910
-0.795623 0.800759 -0.001910
-0.744581 0.800661 -0.001910
-0.693539 0.800564 -0.001910
-0.642498 0.800466 -0.001912
-0.591456 0.800369 -0.001910
-0.540415 0.800271 -0.001910
-0.489373 0.800174 -0.001910
-0.438332 0.800076 -0.001910
-0.387290 0.799979 -0.001910
-0.336248 0.799881 -0.001910
-0.285207 0.799784 -0.001912
-0.234165 0.799686 -0.001910
-0.183124 0.799589 -0.001910
-0.132082 0.799491 -0.001910
-0.081040 0.799394 -0.001910
-0.029999 0.799296 -0.001910
0.021043 0.799199 -0.001910
0.072084 0.799101 -0.001910
0.123126 0.799003 -0.001910
0.174167 0.798906 -0.001910
0.225209 0.798808 -0.001910
0.276251 0.798711 -0.001912
0.327292 0.798613 -0.001910
0.378334 0.798516 -0.001909
0.429375 0.798418 -0.001910
0.480417 0.798321 -0.001910
0.531459 0.798223 -0.001912
0.582500 0.798126 -0.001910
0.633542 0.798028 -0.001910
0.684583 0.797931 -0.001912
0.735625 0.797833 -0.001910
0.786666 0.797736 -0.001910
0.837708 0.797638 -0.001909
0.888749 0.797541 -0.001910
0.939791 0.797443 -0.001912
0.990833 0.797346 -0.001910
1.041874 0.797248 -0.001910
1.092916 0.797151 -0.001910
1.143957 0.797053 -0.001912
1.194999 0.796956 -0.001910
1.246040 0.796858 -0.001910
1.297082 0.796760 -0.001909
1.348124 0.796663 -0.001910
1.399165 0.796566 -0.001910
1.450207 0.796468 -0.001912
1.501248 0.796370 -0.001910
1.552290 0.796273 -0.087558
1.632485 0.789233 -0.284285
1.698073 0.770068 -0.515051
1.749060 0.741209 -0.781724
1.785449 0.705086 -1.081718
1.807246 0.664131 -1.406044
1.814455 0.620772 -1.739372
1.807081 0.577441 -2.063691
1.785128 0.536568 -2.363693
1.748600 0.500585 -2.630360
1.697504 0.471921 -2.861132
1.631842 0.453007 -3.057855
1.551621 0.446274 3.139682
1.500580 0.446371 3.139682
1.449538 0.446469 3.139682
1.398497 0.446566 3.139682
1.347455 0.446664 3.139682
1.296413 0.446761 3.139682
1.245372 0.446859 3.139683
1.194330 0.446956 3.139682
1.143289 0.447054 3.139682
1.092247 0.447151 3.139682
1.041205 0.447249 3.139682
0.990164 0.447346 3.139682
0.939122 0.447444 3.139682
0.888081 0.447541 3.139682
0.837039 0.447639 3.139683
0.785998 0.447736 3.139682
0.734956 0.447834 3.139682
0.683915 0.447931 3.139682
0.632873 0.448029 3.139683
0.581831 0.448126 3.139682
0.530790 0.448224 3.139682
0.479748 0.448321 3.139682
0.428707 0.448419 3.139682
0.377665 0.448516 3.139682
0.326623 0.448614 3.139682
0.275582 0.448712 3.139682
0.224540 0.448809 3.139682
0.173499 0.448907 3.139682
0.122457 0.449004 3.139683
0.071415 0.449102 3.139682
0.020374 0.449199 3.139682
-0.030667 0.449297 3.139683
-0.081709 0.449394 3.139682
-0.132751 0.449492 3.139681
-0.183792 0.449589 3.139683
-0.234834 0.449687 3.139682
-0.285875 0.449784 3.139682
-0.336917 0.449882 3.139682
-0.387959 0.449979 3.139682
-0.439000 0.450077 3.139682
-0.490042 0.450174 3.139682
-0.541083 0.450272 3.139682
-0.592125 0.450369 3.139682
-0.643166 0.450467 3.139683
-0.694208 0.450564 3.139682
-0.745250 0.450662 3.139682
-0.796291 0.450759 3.139682
-0.847333 0.450857 3.139682
-0.898374 0.450954 3.139682
-0.949416 0.451052 3.139682
-1.000457 0.451150 3.139682
-1.051499 0.451247 3.139682
-1.102541 0.451345 3.139682
-1.153582 0.451442 3.139683
-1.204624 0.451540 3.139682
-1.255666 0.451637 3.139682
-1.306707 0.451735 3.139682
-1.357749 0.451832 3.139682
-1.408790 0.451930 3.139682
-1.459832 0.452027 3.139683
-1.510873 0.452125 3.139681
-1.561915 0.452222 3.139683
-1.612956 0.452320 3.139682
-1.663998 0.452417 3.139682
-1.715040 0.452515 3.139682
-1.766081 0.452612 3.139682
-1.817123 0.452710 3.139682
-1.868164 0.452807 3.139682
-1.919206 0.452905 3.139682
-1.970247 0.453002 3.139682
-2.021289 0.453100 3.139682
-2.072330 0.453197 3.139682
-2.123372 0.453295 3.139682
-2.174414 0.453393 3.139682
-2.225455 0.453490 3.139682
-2.276497 0.453588 3.139682
-2.327538 0.453685 3.139683
-2.378580 0.453783 3.139682
-2.429622 0.453880 3.139682
-2.480663 0.453978 3.139682
-2.531705 0.454075 3.139682
-2.582746 0.454173 3.139682
-2.633788 0.454270 3.139682
-2.684829 0.454368 3.139682
-2.735871 0.454465 3.139682
-2.786913 0.454563 3.139683
-2.837954 0.454660 3.139682
-2.888996 0.454758 3.139682
-2.940037 0.454855 3.139682
-2.991079 0.454953 3.139683
-3.042120 0.455050 3.139682
-3.093162 0.455148 3.139682
-3.144203 0.455245 3.139682
-3.195245 0.455343 3.139683
-3.246287 0.455440 3.139682
-3.297328 0.455538 3.139682
-3.348370 0.455635 -3.057855
-3.428591 0.448902 -2.861131
-3.494252 0.429988 -2.630365
-3.545349 0.401324 -2.363681
-3.581876 0.365341 -2.063705
-3.603830 0.324468 -1.739367
-3.611204 0.281137 -1.406038
-3.603995 0.237779 -1.081724
-3.582198 0.196822 -0.781723
-3.545809 0.160700 -0.515054
-3.494822 0.131841 -0.284282
-3.429234 0.112676 -0.087559
-3.349039 0.105636 -0.001911
-3.297997 0.105539 -0.001911
-3.246956 0.105441 -0.001911
-3.195914 0.105344 -0.001911
-3.144872 0.105246 -0.001910
-3.093831 0.105148 -0.001911
-3.042789 0.105051 -0.001911
-2.991748 0.104953 -0.001910
-2.940706 0.104856 -0.001911
-2.889664 0.104758 -0.001910
-2.838623 0.104661 -0.001910
-2.787581 0.104563 -0.001911
-2.736540 0.104466 -0.001911
-2.685498 0.104368 -0.001910
-2.634457 0.104271 -0.001911
-2.583415 0.104173 -0.001911
-2.532373 0.104076 -0.001911
-2.481332 0.103978 -0.001911
-2.430290 0.103881 -0.001911
-2.379249 0.103783 -0.001911
-2.328207 0.103686 -0.001911
-2.277166 0.103588 -0.001910
-2.226124 0.103491 -0.001911
-2.175083 0.103393 -0.001910
-2.124041 0.103296 -0.001910
-2.072999 0.103198 -0.001911
-2.021957 0.103101 -0.001911
-1.970916 0.103003 -0.001911
-1.919875 0.102906 -0.001911
-1.868833 0.102808 -0.001910
-1.817791 0.102710 -0.001911
-1.766750 0.102613 -0.001911
-1.715708 0.102515 -0.001910
-1.664667 0.102418 -0.001911
-1.613625 0.102320 -0.001911
-1.562583 0.102223 -0.001911
-1.511542 0.102125 -0.001911
-1.460501 0.102028 -0.001911
-1.409459 0.101930 -0.001910
-1.358417 0.101833 -0.001910
-1.307376 0.101735 -0.001911
-1.256334 0.101638 -0.001910
-1.205292 0.101540 -0.001910
-1.154251 0.101443 -0.001911
-1.103209 0.101345 -0.001910
-1.052168 0.101248 -0.001911
-1.001126 0.101150 -0.001911
-0.950084 0.101053 -0.001911
-0.899043 0.100955 -0.001910
-0.848001 0.100858 -0.001911
-0.796960 0.100760 -0.001911
-0.745918 0.100663 -0.001911
-0.694877 0.100565 -0.001911
-0.643835 0.100468 -0.001910
-0.592794 0.100370 -0.001911
-0.541752 0.100272 -0.001911
-0.490711 0.100175 -0.001911
-0.439669 0.100077 -0.001910
-0.388627 0.099980 -0.001911
-0.337586 0.099882 -0.001911
-0.286544 0.099785 -0.001911
-0.235502 0.099687 -0.001911
-0.184461 0.099590 -0.001910
-0.133419 0.099492 -0.001911
-0.082378 0.099395 -0.001910
-0.031336 0.099297 -0.001911
0.019705 0.099200 -0.001911
0.070747 0.099102 -0.001910
0.121788 0.099005 -0.001911
0.172830 0.098907 -0.001911
0.223872 0.098810 -0.001911
0.274913 0.098712 -0.001911
0.325955 0.098615 -0.001911
0.376996 0.098517 -0.001911
0.428038 0.098420 -0.001910
0.479080 0.098322 -0.001911
0.530121 0.098225 -0.001911
0.581163 0.098127 -0.001911
0.632204 0.098030 -0.001911
0.683246 0.097932 -0.001911
0.734287 0.097834 -0.001911
0.785329 0.097737 -0.001911
0.836371 0.097639 -0.001910
0.887412 0.097542 -0.001911
0.938454 0.097444 -0.001910
0.989495 0.097347 -0.001911
1.040537 0.097249 -0.001911
1.091578 0.097152 -0.001911
1.142620 0.097054 -0.001911
1.193661 0.096957 -0.001910
1.244703 0.096859 -0.001911
1.295745 0.096762 -0.001911
1.346786 0.096664 -0.001910
1.397828 0.096567 -0.001911
1.448870 0.096469 -0.001911
1.499911 0.096372 -0.001911
1.550953 0.096274 -0.087559
1.631148 0.089234 -0.284284
1.696736 0.070070 -0.515052
1.747723 0.041211 -0.781723
1.784112 0.005088 -1.081717
1.805909 -0.035868 -1.406049
1.813118 -0.079227 -1.739369
1.805743 -0.122558 -2.063691
1.783790 -0.163430 -2.363692
1.747263 -0.199414 -2.630360
1.696167 -0.228078 -2.861132
1.630505 -0.246992 -3.057855
1.550284 -0.253725 3.139682
1.499242 -0.253628 3.139683
1.448201 -0.253530 3.139682
1.397159 -0.253433 3.139682
1.346117 -0.253335 3.139682
1.295076 -0.253238 3.139682
1.244034 -0.253140 3.139682
1.192993 -0.253043 3.139682
1.141951 -0.252945 3.139682
1.090910 -0.252848 3.139682
1.039868 -0.252750 3.139682
0.988827 -0.252652 3.139682
0.937785 -0.252555 3.139682
0.886743 -0.252457 3.139682
0.835702 -0.252360 3.139682
0.784660 -0.252262 3.139682
0.733619 -0.252165 3.139682
0.682577 -0.252067 3.139682
0.631535 -0.251970 3.139682
0.580494 -0.251872 3.139682
0.529452 -0.251775 3.139682
0.478411 -0.251677 3.139682
0.427369 -0.251580 3.139682
0.376328 -0.251482 3.139682
0.325286 -0.251385 3.139682
0.274245 -0.251287 3.139682
0.223203 -0.251190 3.139682
0.172161 -0.251092 3.139682
0.121120 -0.250995 3.139682
0.070078 -0.250897 3.139682
0.019037 -0.250800 3.139682
-0.032005 -0.250702 3.139682
-0.083047 -0.250605 3.139682
-0.134088 -0.250507 3.139682
-0.185130 -0.250410 3.139682
-0.236171 -0.250312 3.139682
-0.287213 -0.250214 3.139682
-0.338254 -0.250117 3.139682
-0.389296 -0.250019 3.139682
-0.440338 -0.249922 3.139682
-0.491379 -0.249824 3.139682
-0.542421 -0.249727 3.139682
-0.593462 -0.249629 3.139682
-0.644504 -0.249532 3.139682
-0.695546 -0.249434 3.139682
-0.746587 -0.249337 3.139682
-0.797629 -0.249239 3.139682
-0.848670 -0.249142 3.139682
-0.899712 -0.249044 3.139682
-0.950753 -0.248947 3.139682
-1.001795 -0.248849 3.139682
-1.052837 -0.248752 3.139682
-1.103878 -0.248654 3.139682
-1.154920 -0.248557 3.139682
-1.205961 -0.248459 3.139682
-1.257003 -0.248362 3.139682
-1.308044 -0.248264 3.139682
-1.359086 -0.248167 3.139682
-1.410128 -0.248069 3.139682
-1.461169 -0.247972 3.139682
-1.512211 -0.247874 3.139682
-1.563252 -0.247776 3.139682
-1.614294 -0.247679 3.139682
-1.665335 -0.247581 3.139682
-1.716377 -0.247484 3.139682
-1.767418 -0.247386 3.139682
-1.818460 -0.247289 3.139682
-1.869502 -0.247191 3.139682
-1.920543 -0.247094 3.139682
-1.971585 -0.246996 3.139682
-2.022627 -0.246899 3.139682
-2.073668 -0.246801 3.139682
-2.124710 -0.246704 3.139682
-2.175751 -0.246606 3.139682
-2.226793 -0.246509 3.139682
-2.277834 -0.246411 3.139682
-2.328876 -0.246314 3.139682
-2.379917 -0.246216 3.139682
-2.430959 -0.246119 3.139682
-2.482001 -0.246021 3.139682
-2.533042 -0.245924 3.139682
-2.584084 -0.245826 3.139682
-2.635125 -0.245729 3.139682
-2.686167 -0.245631 3.139682
-2.737209 -0.245534 3.139682
-2.788250 -0.245436 3.139682
-2.839292 -0.245338 3.139682
-2.890333 -0.245241 3.139682
-2.941375 -0.245143 3.139682
-2.992416 -0.245046 3.139682
-3.043458 -0.244948 3.139682
-3.094500 -0.244851 3.139682
-3.145541 -0.244753 3.139682
-3.196583 -0.244656 3.139682
-3.247624 -0.244558 3.139682
-3.298666 -0.244461 3.139682
-3.349707 -0.244363 -3.057855
-3.429929 -0.251097 -2.861131
-3.495590 -0.270011 -2.630361
-3.546686 -0.298675 -2.363692
-3.583214 -0.334658 -2.063700
-3.605167 -0.375531 -1.739361
-3.612541 -0.418861 -1.406043
-3.605332 -0.462220 -1.081724
-3.583536 -0.503176 -0.781723
-3.547146 -0.539299 -0.515052
-3.496160 -0.568158 -0.284283
-3.430571 -0.587323 -0.087559
-3.350376 -0.594363 -0.001910
-3.299335 -0.594460 -0.001910
-3.248293 -0.594558 -0.001912
-3.197252 -0.594655 -0.001909
-3.146210 -0.594753 -0.001912
-3.095168 -0.594850 -0.001910
-3.044127 -0.594948 -0.001910
-2.993085 -0.595045 -0.001910
-2.942044 -0.595143 -0.001910
-2.891002 -0.595240 -0.001910
-2.839960 -0.595338 -0.001912
-2.788919 -0.595435 -0.001909
-2.737877 -0.595533 -0.001912
-2.686836 -0.595630 -0.001910
-2.635794 -0.595728 -0.001910
-2.584753 -0.595825 -0.001910
-2.533711 -0.595923 -0.001910
-2.482669 -0.596021 -0.001910
-2.431628 -0.596118 -0.001910
-2.380586 -0.596216 -0.001910
-2.329545 -0.596313 -0.001910
-2.278503 -0.596411 -0.001910
-2.227461 -0.596508 -0.001912
-2.176420 -0.596606 -0.001909
-2.125378 -0.596703 -0.001912
-2.074337 -0.596801 -0.001909
-2.023295 -0.596898 -0.001912
-1.972254 -0.596996 -0.001910
-1.921212 -0.597093 -0.001910
-1.870170 -0.597191 -0.001910
-1.819129 -0.597288 -0.001912
-1.768087 -0.597386 -0.001909
-1.717046 -0.597483 -0.001910
-1.666004 -0.597581 -0.001912
-1.614963 -0.597678 -0.001909
-1.563921 -0.597776 -0.001912
-1.512879 -0.597873 -0.001910
-1.461838 -0.597971 -0.001909
-1.410796 -0.598068 -0.001912
-1.359755 -0.598166 -0.001912
-1.308713 -0.598264 -0.001909
-1.257671 -0.598361 -0.001912
-1.206630 -0.598459 -0.001910
-1.155589 -0.598556 -0.001909
-1.104547 -0.598653 -0.001912
-1.053505 -0.598751 -0.001910
-1.002464 -0.598849 -0.001910
-0.951422 -0.598946 -0.001910
-0.900380 -0.599044 -0.001910
-0.849339 -0.599141 -0.001910
-0.798297 -0.599239 -0.001910
-0.747256 -0.599336 -0.001910
-0.696214 -0.599434 -0.001910
-0.645173 -0.599531 -0.001910
-0.594131 -0.599629 -0.001912
-0.543089 -0.599726 -0.001910
-0.492048 -0.599824 -0.001910
-0.441006 -0.599921 -0.001910
-0.389965 -0.600019 -0.001910
-0.338923 -0.600116 -0.001910
-0.287882 -0.600214 -0.001912
-0.236840 -0.600311 -0.001910
-0.185799 -0.600409 -0.001910
-0.134757 -0.600506 -0.001910
-0.083715 -0.600604 -0.001910
-0.032674 -0.600701 -0.001910
0.018368 -0.600799 -0.001910
0.069410 -0.600896 -0.001910
0.120451 -0.600994 -0.001910
0.171493 -0.601092 -0.001910
0.222534 -0.601189 -0.001910
0.273576 -0.601287 -0.001912
0.324617 -0.601384 -0.001910
0.375659 -0.601482 -0.001910
0.426700 -0.601579 -0.001910
0.477742 -0.601677 -0.001910
0.528784 -0.601774 -0.001910
0.579825 -0.601872 -0.001910
0.630867 -0.601969 -0.001910
0.681908 -0.602067 -0.001912
0.732950 -0.602164 -0.001909
0.783991 -0.602262 -0.001912
0.835033 -0.602359 -0.001910
0.886075 -0.602457 -0.001910
0.937116 -0.602554 -0.001910
0.988158 -0.602652 -0.001910
1.039199 -0.602749 -0.001910
1.090241 -0.602847 -0.001910
1.141283 -0.602944 -0.001910
1.192324 -0.603042 -0.001910
1.243366 -0.603139 -0.001912
1.294407 -0.603237 -0.001910
1.345449 -0.603334 -0.001909
1.396490 -0.603432 -0.001912
1.447532 -0.603530 -0.001910
1.498573 -0.603627 -0.001910
1.549615 -0.603725 -0.087560
1.629810 -0.610764 -0.284281
1.695398 -0.629929 -0.515052
1.746385 -0.658788 -0.781724
1.782775 -0.694911 -1.081718
1.804572 -0.735867 -1.406046
1.811780 -0.779226 -1.739372
1.804406 -0.822557 -2.063693
1.782453 -0.863429 -2.363689
1.745926 -0.899413 -2.630362
1.694829 -0.928077 -2.861131
1.629168 -0.946991 -3.057855
1.548946 -0.953724 3.139682
1.497976 -0.953627 3.139682
1.447005 -0.953529 3.139682
1.396034 -0.953432 3.139683
1.345063 -0.953334 3.139682
1.294092 -0.953237 3.139681
1.243122 -0.953140 3.139683
1.192151 -0.953042 3.139682
1.141180 -0.952945 3.139683
1.090209 -0.952847 3.139682
1.039239 -0.952750 3.139682
0.988268 -0.952653 3.139682
0.937297 -0.952555 3.139682
0.886326 -0.952458 3.139683
0.835356 -0.952361 3.139682
0.784385 -0.952263 3.139681
0.733414 -0.952166 3.139683
0.682443 -0.952068 3.139682
0.631472 -0.951971 3.139682
0.580502 -0.951874 3.139682
0.529531 -0.951776 3.139682
0.478560 -0.951679 3.139683
0.427589 -0.951581 3.139682
0.376618 -0.951484 3.139682
0.325648 -0.951387 3.139682
0.274677 -0.951289 3.139681
0.223706 -0.951192 3.139683
0.172735 -0.951095 3.139684
0.121765 -0.950997 3.139681
0.070794 -0.950900 3.139681
0.019823 -0.950802 3.139682
-0.031148 -0.950705 3.139684
-0.082119 -0.950608 3.139682
-0.133089 -0.950510 3.139682
-0.184060 -0.950413 3.139682
-0.235031 -0.950315 3.139682
-0.286002 -0.950218 3.139682
-0.336973 -0.950121 3.139683
-0.387943 -0.950023 3.139682
-0.438914 -0.949926 3.139681
-0.489885 -0.949829 3.139682
-0.540856 -0.949731 3.139683
-0.591826 -0.949634 3.139682
-0.642797 -0.949536 3.139682
-0.693768 -0.949439 3.139682
-0.744739 -0.949342 3.139683
-0.795709 -0.949244 3.139682
-0.846680 -0.949147 3.139682
-0.897651 -0.949049 3.139682
-0.948622 -0.948952 3.139682
-0.999593 -0.948855 3.139682
-1.050563 -0.948757 3.139682
-1.101534 -0.948660 3.139682
-1.152505 -0.948563 3.139683
-1.203476 -0.948465 3.139682
-1.254447 -0.948368 3.139683
-1.305417 -0.948270 3.139682
-1.356388 -0.948173 3.139681
-1.407359 -0.948076 3.139683
-1.458330 -0.947978 3.139682
-1.509301 -0.947881 3.139682
-1.560271 -0.947783 3.139682
-1.611242 -0.947686 3.139682
-1.662213 -0.947589 3.139682
-1.713184 -0.947491 3.139683
-1.764154 -0.947394 3.139682
-1.815125 -0.947297 3.139683
-1.866096 -0.947199 3.139681
-1.917067 -0.947102 3.139682
-1.968038 -0.947004 3.139683
-2.019008 -0.946907 3.139682
-2.069979 -0.946810 3.139682
-2.120950 -0.946712 3.139682
-2.171921 -0.946615 3.139682
-2.222891 -0.946517 3.139682
-2.273862 -0.946420 3.139683
-2.324833 -0.946323 3.139681
-2.375804 -0.946225 3.139683
-2.426775 -0.946128 3.139682
-2.477746 -0.946031 3.139683
-2.528716 -0.945933 3.139682
-2.579687 -0.945836 3.139681
-2.630658 -0.945738 3.139683
-2.681628 -0.945641 3.139682
-2.732599 -0.945544 3.139682
-2.783570 -0.945446 3.139682
-2.834541 -0.945349 3.139683
-2.885512 -0.945252 3.139681
-2.936482 -0.945154 3.139683
-2.987453 -0.945057 3.139682
-3.038424 -0.944959 3.139683
-3.089395 -0.944862 3.139681
-3.140365 -0.944765 3.139682
-3.191336 -0.944667 3.139683
-3.242307 -0.944570 3.139681
-3.293278 -0.944472 3.139683
-3.344249 -0.944375 3.139682
-3.395219 -0.944278 3.139682
-3.446190 -0.944180 3.139682
-3.497161 -0.944083 3.139683
-3.548132 -0.943986 3.139682
-3.599103 -0.943888 3.139682
-3.650073 -0.943791 3.139682
EOP
