-3.752164 1.409931 -1.561088
-3.751660 1.358018 -1.561097
-3.751157 1.306104 -1.561088
-3.750653 1.254190 -1.561088
-3.750149 1.202276 -1.561097
-3.749645 1.150363 -1.561088
-3.749141 1.098449 -1.561088
-3.748637 1.046535 -1.561092
-3.748133 0.994621 -1.561092
-3.747629 0.942708 -1.561088
-3.747125 0.890794 -1.561092
-3.746622 0.838880 -1.561092
-3.746118 0.786966 -1.561083
-3.745614 0.735053 -1.561097
-3.745110 0.683139 -1.561088
-3.744606 0.631225 -1.561092
-3.744102 0.579311 -1.561093
-3.743598 0.527398 -1.561092
-3.743095 0.475484 -1.561083
-3.742590 0.423570 -1.561097
-3.742087 0.371657 -1.561088
-3.741583 0.319743 -1.561092
-3.741079 0.267829 -1.561093
-3.740575 0.215915 -1.561088
-3.740071 0.164002 -1.561088
-3.739567 0.112088 -1.561092
-3.739064 0.060174 -1.561092
-3.738560 0.008260 -1.561088
-3.738056 -0.043653 -1.561088
-3.737552 -0.095567 -1.561097
-3.737048 -0.147481 -1.561088
-3.736544 -0.199395 -1.561088
-3.736040 -0.251308 -1.561097
-3.735537 -0.303222 -1.561088
-3.735033 -0.355136 -1.561088
-3.734529 -0.407050 -1.561097
-3.734025 -0.458963 -1.561088
-3.733521 -0.510877 -1.561092
-3.733017 -0.562791 -1.561088
-3.732513 -0.614705 -1.561092
-3.732009 -0.666618 -1.561092
-3.731506 -0.718532 -1.561088
-3.731002 -0.770446 -1.561092
-3.730498 -0.822360 -1.561092
-3.729994 -0.874273 -1.561088
-3.729490 -0.926187 -1.561092
-3.728986 -0.978101 -1.561092
-3.728482 -1.030015 -1.561088
-3.727978 -1.081928 -1.561088
-3.727474 -1.133842 -1.561097
-3.726971 -1.185756 -1.561088
-3.726467 -1.237669 -0.041812
-3.676029 -1.239780 -0.041812
-3.625592 -1.241890 -0.041812
-3.575154 -1.244000 -0.041810
-3.524717 -1.246110 -0.041812
-3.474279 -1.248220 -0.041812
-3.423841 -1.250330 -0.041812
-3.373404 -1.252440 -0.041812
-3.322966 -1.254550 -0.041812
-3.272528 -1.256660 -0.041812
-3.222091 -1.258771 -0.041810
-3.171653 -1.260881 -0.041812
-3.121216 -1.262991 -0.041812
-3.070778 -1.265101 -0.041810
-3.020340 -1.267211 -0.041812
-2.969903 -1.269321 -0.041812
-2.919465 -1.271431 -0.041812
-2.869028 -1.273541 -0.041810
-2.818590 -1.275651 -0.041812
-2.768152 -1.277761 -0.041812
-2.717715 -1.279871 -0.041812
-2.667277 -1.281982 -0.041814
-2.616840 -1.284092 -0.041809
-2.566402 -1.286202 -0.041812
-2.515965 -1.288312 -0.041809
-2.465527 -1.290422 -0.041812
-2.415089 -1.292532 -0.041812
-2.364652 -1.294642 -0.041812
-2.314214 -1.296752 -0.041812
-2.263776 -1.298862 -0.041812
-2.213339 -1.300973 -0.041812
-2.162901 -1.303083 -0.041812
-2.112464 -1.305193 -0.041812
-2.062026 -1.307303 -0.041809
-2.011588 -1.309413 -0.041815
-1.961151 -1.311523 -0.041809
-1.910713 -1.313633 -0.041812
-1.860276 -1.315743 -0.041812
-1.809838 -1.317853 -0.041810
-1.759400 -1.319963 -0.041812
-1.708963 -1.322074 -0.041812
-1.658525 -1.324184 -0.041812
-1.608088 -1.326294 -0.041812
-1.557650 -1.328404 -0.041812
-1.507212 -1.330514 -0.041809
-1.456775 -1.332624 -0.041812
-1.406337 -1.334734 -0.041812
-1.355900 -1.336844 -0.041812
-1.305462 -1.338954 -0.041810
-1.255024 -1.341064 -0.041812
-1.204587 -1.343175 -0.041812
-1.154149 -1.345285 -0.041809
-1.103711 -1.347395 -0.041814
-1.053274 -1.349505 -0.041809
-1.002836 -1.351615 -0.041815
-0.952399 -1.353725 -0.041809
-0.901961 -1.355835 -0.041814
-0.851524 -1.357945 -0.041809
-0.801086 -1.360055 -0.041812
-0.750648 -1.362166 -0.041812
-0.700211 -1.364276 -0.041810
-0.649773 -1.366386 -0.041814
-0.599335 -1.368496 -0.041810
-0.548898 -1.370606 -0.041814
-0.498460 -1.372716 -0.041809
-0.448022 -1.374826 -0.041810
-0.397585 -1.376936 -0.041814
-0.347147 -1.379046 -0.041810
-0.296710 -1.381156 -0.041812
-0.246272 -1.383267 -0.041812
-0.195835 -1.385377 -0.041810
-0.145397 -1.387487 -0.041814
-0.094959 -1.389597 -0.041810
-0.044522 -1.391707 -0.041812
0.005916 -1.393817 -0.041812
0.056354 -1.395927 -0.041812
0.106791 -1.398037 -0.041812
0.157229 -1.400147 -0.041812
0.207666 -1.402258 -0.041812
0.258104 -1.404368 -0.041810
0.308541 -1.406478 -0.041812
0.358979 -1.408588 -0.041812
0.409417 -1.410698 -0.041812
0.459854 -1.412808 -0.041812
0.510292 -1.414918 -0.041810
0.560730 -1.417028 -0.041814
0.611167 -1.419138 -0.041810
0.661605 -1.421248 -0.041812
0.712042 -1.423359 -0.041812
0.762480 -1.425469 -0.041810
0.812917 -1.427579 -0.041812
0.863356 -1.429689 -0.041812
0.913793 -1.431799 -0.041812
0.964230 -1.433909 -0.041812
1.014668 -1.436019 -0.041812
1.065106 -1.438129 -0.041810
1.115543 -1.440239 -0.041812
1.165981 -1.442349 -0.041812
1.216418 -1.444460 -0.041812
1.266856 -1.446570 -0.041810
1.317293 -1.448680 -0.041814
1.367731 -1.450790 -0.041812
1.418169 -1.452900 -0.041812
1.468607 -1.455010 -0.041810
1.519044 -1.457120 -0.041812
1.569482 -1.459230 -0.041812
1.619919 -1.461340 -0.041812
1.670357 -1.463451 -0.041810
1.720794 -1.465561 -0.041812
1.771232 -1.467671 -0.041812
1.821669 -1.469781 -0.041812
1.872107 -1.471891 -0.041809
1.922545 -1.474001 -0.041814
1.972983 -1.476111 -0.041810
2.023420 -1.478221 -0.041814
2.073858 -1.480331 -0.041810
2.124295 -1.482441 -0.041812
2.174733 -1.484552 -0.041812
2.225170 -1.486662 -0.041812
2.275608 -1.488772 -0.041809
2.326046 -1.490882 -0.041812
2.376483 -1.492992 -0.041812
2.426921 -1.495102 -0.041812
2.477359 -1.497212 -0.041810
2.527796 -1.499322 -0.041812
2.578234 -1.501432 -0.041812
2.628671 -1.503542 -0.041812
2.679109 -1.505653 -0.041812
2.729547 -1.507763 -0.041810
2.779984 -1.509873 -0.041814
2.830422 -1.511983 -0.041812
2.880859 -1.514093 -0.041810
2.931297 -1.516203 -0.041812
2.981735 -1.518313 -0.041812
3.032172 -1.520423 1.548419
3.033323 -1.469014 1.548414
3.034474 -1.417604 1.548419
3.035624 -1.366194 1.548419
3.036775 -1.314784 1.548414
3.037926 -1.263375 1.548419
3.039076 -1.211965 1.548419
3.040227 -1.160555 1.548424
3.041377 -1.109145 1.548414
3.042528 -1.057736 1.548419
3.043679 -1.006326 1.548414
3.044830 -0.954916 1.548419
3.045980 -0.903507 1.548419
3.047131 -0.852097 1.548419
3.048281 -0.800687 1.548414
3.049432 -0.749277 1.548419
3.050583 -0.697868 1.548419
3.051733 -0.646458 1.548419
3.052884 -0.595048 1.548419
3.054035 -0.543638 1.548419
3.055185 -0.492229 1.548410
3.056336 -0.440819 1.548419
3.057487 -0.389409 1.548419
3.058638 -0.337999 1.548419
3.059788 -0.286590 1.548419
3.060939 -0.235180 1.548419
3.062089 -0.183770 1.548419
3.063240 -0.132360 1.548419
3.064391 -0.080951 1.548414
3.065542 -0.029541 1.548414
3.066692 0.021869 1.548419
3.067843 0.073278 1.548419
3.068994 0.124688 1.548419
3.070144 0.176098 1.548419
3.071295 0.227508 1.548419
3.072445 0.278917 1.548419
3.073596 0.330327 1.548414
3.074747 0.381737 1.548419
3.075897 0.433147 1.548414
3.077048 0.484556 1.548419
3.078199 0.535966 1.548419
3.079350 0.587376 1.548419
3.080500 0.638786 1.548419
3.081651 0.690195 1.548414
3.082802 0.741605 1.548424
3.083952 0.793015 1.548414
3.085103 0.844425 1.548414
3.086254 0.895834 1.548424
3.087404 0.947244 1.548414
3.088555 0.998654 1.548419
3.089705 1.050063 1.548419
3.090856 1.101473 1.548419
3.092007 1.152883 1.548414
3.093158 1.204293 1.548419
3.094308 1.255702 1.548414
3.095459 1.307112 1.548424
3.096609 1.358522 1.548414
3.097760 1.409932 1.548419
3.098911 1.461341 1.548419
3.100061 1.512751 1.548419
3.101212 1.564161 1.548414
3.102363 1.615571 1.548424
3.103513 1.666980 1.548414
3.104664 1.718390 1.548419
3.105815 1.769800 1.548419
3.106965 1.821210 1.548414
3.108116 1.872619 1.548419
3.109267 1.924029 -3.066807
3.058815 1.920249 -3.066807
3.008363 1.916469 -3.066807
2.957911 1.912689 -3.066806
2.907460 1.908908 -3.066807
2.857008 1.905128 -3.066806
2.806557 1.901348 -3.066807
2.756105 1.897568 -3.066806
2.705653 1.893788 -3.066807
2.655201 1.890008 -3.066807
2.604750 1.886228 -3.066807
2.554298 1.882448 -3.066806
2.503846 1.878667 -3.066809
2.453395 1.874887 -3.066802
2.402943 1.871107 -3.066807
2.352491 1.867327 -3.066806
2.302040 1.863547 -3.066807
2.251588 1.859767 -3.066807
2.201136 1.855987 -3.066807
2.150684 1.852206 -3.066806
2.100233 1.848426 -3.066807
2.049781 1.844646 -3.066806
1.999329 1.840866 -3.066807
1.948878 1.837086 -3.066806
1.898426 1.833306 -3.066807
1.847974 1.829526 -3.066807
1.797523 1.825746 -3.066807
1.747071 1.821965 -3.066806
1.696619 1.818185 -3.066809
1.646168 1.814405 -3.066806
1.595716 1.810625 -3.066804
1.545264 1.806845 -3.066807
1.494812 1.803065 -3.066807
1.444361 1.799285 -3.066806
1.393909 1.795505 -3.066807
1.343457 1.791724 -3.066807
1.293006 1.787944 -3.066807
1.242554 1.784164 -3.066807
1.192102 1.780384 -3.066807
1.141650 1.776604 -3.066807
1.091199 1.772824 -3.066804
1.040747 1.769044 -3.066807
0.990296 1.765263 -3.066807
0.939844 1.761483 -3.066807
0.889392 1.757703 -3.066809
0.838941 1.753923 -3.066807
0.788489 1.750143 -3.066807
0.738037 1.746363 -3.066807
0.687585 1.742583 -3.066806
0.637134 1.738803 -3.066807
0.586682 1.735023 -3.066807
0.536230 1.731242 -3.066807
0.485778 1.727462 -3.066807
0.435327 1.723682 -3.066804
0.384875 1.719902 -3.066807
0.334423 1.716122 -3.066807
0.283972 1.712342 -3.066807
0.233520 1.708562 -3.066809
0.183068 1.704782 -3.066807
0.132617 1.701001 -3.066807
0.082165 1.697221 -3.066807
0.031713 1.693441 -3.066806
-0.018738 1.689661 -3.066807
-0.069190 1.685881 -3.066807
-0.119642 1.682101 -3.066807
-0.170094 1.678321 -3.066804
-0.220545 1.674540 -3.066807
-0.270997 1.670760 -3.066807
-0.321449 1.666980 -3.066807
-0.371900 1.663200 -3.066807
-0.422352 1.659420 -3.066807
-0.472804 1.655640 -3.066807
-0.523256 1.651860 -3.066806
-0.573707 1.648080 -3.066807
-0.624159 1.644299 -3.066804
-0.674610 1.640519 -3.066807
-0.725062 1.636739 -3.066807
-0.775514 1.632959 -3.066807
-0.825966 1.629179 -3.066807
-0.876417 1.625399 -3.066807
-0.926869 1.621619 -3.066806
-0.977321 1.617838 -3.066806
-1.027772 1.614058 -3.066807
-1.078224 1.610278 -3.066807
-1.128676 1.606498 -3.066806
-1.179127 1.602718 -3.066807
-1.229579 1.598938 -3.066807
-1.280031 1.595158 -3.066807
-1.330483 1.591377 -3.066807
-1.380935 1.587597 -3.066806
-1.431386 1.583817 -3.066807
-1.481838 1.580037 -3.066807
-1.532290 1.576257 -3.066806
-1.582741 1.572477 -3.066807
-1.633193 1.568697 -3.066807
-1.683645 1.564917 -3.066807
-1.734096 1.561136 -3.066807
-1.784548 1.557356 -3.066806
-1.834999 1.553576 -3.066807
-1.885451 1.549796 -3.066807
-1.935903 1.546016 -3.066806
-1.986355 1.542236 -3.066807
-2.036807 1.538456 -3.066806
-2.087258 1.534676 -3.066807
-2.137710 1.530895 -3.066807
-2.188162 1.527115 -3.066806
-2.238613 1.523335 -3.066806
-2.289065 1.519555 -3.066807
-2.339517 1.515775 -3.066806
-2.389968 1.511995 -3.066807
-2.440420 1.508215 -3.066806
-2.490872 1.504435 -3.066807
-2.541323 1.500654 -3.066807
-2.591775 1.496874 -3.066806
-2.642227 1.493094 -3.066806
-2.692678 1.489314 -3.066807
-2.743130 1.485534 -3.066806
-2.793582 1.481754 -3.066807
-2.844033 1.477974 -3.066807
-2.894485 1.474194 -3.066807
-2.944937 1.470413 -3.066807
-2.995389 1.466633 -3.066807
-3.045841 1.462853 -3.066807
-3.096292 1.459073 -3.066804
-3.146744 1.455293 -3.066806
-3.197195 1.451513 -3.066807
-3.247647 1.447733 -3.066807
-3.298099 1.443952 -3.066807
-3.348551 1.440172 -3.066807
-3.399002 1.436392 -3.066807
-3.449454 1.432612 -3.066807
-3.499906 1.428832 -3.066806
-3.550357 1.425052 -3.066806
-3.600809 1.421272 -3.066807
-3.651261 1.417492 -3.066807
-3.701712 1.413711 -3.066807
EOP
-3.615621 1.172349 -0.022377
-3.564827 1.171212 -0.022381
-3.514033 1.170075 -0.022377
-3.463239 1.168939 -0.022379
-3.412446 1.167802 -0.022381
-3.361652 1.166665 -0.022377
-3.310858 1.165528 -0.022379
-3.260065 1.164391 -0.022379
-3.209271 1.163254 -0.022377
-3.158477 1.162117 -0.022379
-3.107683 1.160980 -0.022377
-3.056890 1.159844 -0.022381
-3.006096 1.158707 -0.022379
-2.955302 1.157570 -0.022377
-2.904508 1.156433 -0.022381
-2.853715 1.155296 -0.022377
-2.802921 1.154159 -0.022377
-2.752127 1.153022 -0.022381
-2.701334 1.151885 -0.022377
-2.650540 1.150749 -0.022379
-2.599746 1.149612 -0.022379
-2.548952 1.148475 -0.022379
-2.498158 1.147338 -0.022379
-2.447365 1.146201 -0.022379
-2.396571 1.145064 -0.022377
-2.345778 1.143927 -0.022379
-2.294984 1.142790 -0.022379
-2.244190 1.141654 -0.022379
-2.193396 1.140517 -0.022379
-2.142602 1.139380 -0.022377
-2.091809 1.138243 -0.022379
-2.041015 1.137106 -0.022379
-1.990221 1.135969 -0.022379
-1.939427 1.134832 -0.022379
-1.888634 1.133695 -0.022377
-1.837840 1.132559 -0.022379
-1.787046 1.131422 -0.022379
-1.736253 1.130285 -0.022379
-1.685459 1.129148 -0.022379
-1.634665 1.128011 -0.022379
-1.583871 1.126874 -0.022379
-1.533078 1.125737 -0.022379
-1.482284 1.124600 -0.022379
-1.431490 1.123463 -0.022377
-1.380696 1.122327 -0.022377
-1.329903 1.121190 -0.022381
-1.279109 1.120053 -0.022377
-1.228315 1.118916 -0.022379
-1.177522 1.117779 -0.022379
-1.126728 1.116642 -0.022377
-1.075934 1.115505 -0.022379
-1.025141 1.114369 -0.022379
-0.974347 1.113232 -0.022379
-0.923553 1.112095 -0.022379
-0.872759 1.110958 -0.022379
-0.821965 1.109821 -0.022379
-0.771172 1.108684 -0.022379
-0.720378 1.107547 -0.022379
-0.669584 1.106410 -0.022377
-0.618790 1.105273 -0.022379
-0.567997 1.104137 -0.022379
-0.517203 1.103000 -0.022377
-0.466409 1.101863 -0.022381
-0.415616 1.100726 -0.022377
-0.364822 1.099589 -0.022379
-0.314028 1.098452 -0.022379
-0.263234 1.097315 -0.022377
-0.212441 1.096179 -0.022381
-0.161647 1.095042 -0.022377
-0.110853 1.093905 -0.022379
-0.060059 1.092768 -0.022379
-0.009266 1.091631 -0.022379
0.041528 1.090494 -0.022377
0.092322 1.089357 -0.022379
0.143116 1.088220 -0.022379
0.193909 1.087083 -0.022379
0.244703 1.085947 -0.022377
0.295497 1.084810 -0.022381
0.346290 1.083673 -0.022377
0.397084 1.082536 -0.022379
0.447878 1.081399 -0.022379
0.498671 1.080262 -0.022379
0.549465 1.079125 -0.022379
0.600259 1.077988 -0.022377
0.651053 1.076852 -0.022379
0.701846 1.075715 -0.022379
0.752640 1.074578 -0.022379
0.803434 1.073441 -0.022379
0.854228 1.072304 -0.022377
0.905021 1.071167 -0.022379
0.955815 1.070030 -0.022379
1.006609 1.068893 -0.022379
1.057403 1.067757 -0.022379
1.108196 1.066620 -0.022377
1.158990 1.065483 -0.022379
1.209784 1.064346 -0.022379
1.260577 1.063209 -0.022379
1.311371 1.062072 -0.022379
1.362165 1.060935 -0.022379
1.412959 1.059798 -0.022379
1.463752 1.058661 -0.022377
1.514546 1.057525 -0.022379
1.565340 1.056388 -0.022379
1.616134 1.055251 -0.022379
1.666927 1.054114 -0.022379
1.717721 1.052977 -0.022377
1.768515 1.051840 -0.022379
1.819309 1.050703 -0.022379
1.870102 1.049567 -0.022379
1.920896 1.048430 -0.022377
1.971690 1.047293 -0.022379
2.022483 1.046156 -0.022379
2.073277 1.045019 -0.022379
2.124071 1.043882 -0.022379
2.174865 1.042745 -0.022379
2.225658 1.041608 -0.022377
2.276452 1.040472 -0.022379
2.327246 1.039335 -0.022379
2.378040 1.038198 -0.022379
2.428833 1.037061 -0.022379
2.479627 1.035924 -0.022379
2.530421 1.034787 -0.022377
2.581214 1.033650 -0.022381
2.632008 1.032513 -0.022377
2.682802 1.031376 0.063271
2.763144 1.036467 0.259993
2.829179 1.054033 0.490764
2.880851 1.081645 0.757438
2.918107 1.116873 1.057418
2.940893 1.157288 1.381759
2.949152 1.200459 1.715083
2.942832 1.243956 2.039400
2.921878 1.285350 2.339405
2.886236 1.322210 2.606071
2.835850 1.352106 2.836843
2.770668 1.372609 3.033566
2.690634 1.381289 3.119214
2.639737 1.382428 3.119212
2.588841 1.383567 3.119214
2.537945 1.384706 3.119217
2.487048 1.385845 3.119214
2.436152 1.386985 3.119212
2.385256 1.388124 3.119214
2.334359 1.389263 3.119214
2.283463 1.390402 3.119214
2.232567 1.391541 3.119214
2.181670 1.392681 3.119214
2.130774 1.393820 3.119214
2.079878 1.394959 3.119212
2.028981 1.396098 3.119217
1.978085 1.397237 3.119214
1.927189 1.398376 3.119214
1.876292 1.399516 3.119212
1.825396 1.400655 3.119214
1.774500 1.401794 3.119217
1.723603 1.402933 3.119212
1.672707 1.404072 3.119214
1.621811 1.405211 3.119214
1.570914 1.406351 3.119214
1.520018 1.407490 3.119214
1.469122 1.408629 3.119214
1.418225 1.409768 3.119214
1.367329 1.410907 3.119214
1.316432 1.412046 3.119214
1.265536 1.413186 3.119212
1.214640 1.414325 3.119214
1.163743 1.415464 3.119214
1.112847 1.416603 3.119214
1.061951 1.417742 3.119214
1.011054 1.418882 3.119214
0.960158 1.420021 3.119214
0.909262 1.421160 3.119214
0.858365 1.422299 3.119214
0.807469 1.423438 3.119212
0.756573 1.424577 3.119217
0.705676 1.425717 3.119212
0.654780 1.426856 3.119214
0.603884 1.427995 3.119214
0.552987 1.429134 3.119214
0.502091 1.430273 3.119214
0.451195 1.431412 3.119214
0.400298 1.432552 3.119214
0.349402 1.433691 3.119214
0.298506 1.434830 3.119214
0.247609 1.435969 3.119214
0.196713 1.437108 3.119214
0.145816 1.438247 3.119214
0.094920 1.439387 3.119214
0.044024 1.440526 3.119214
-0.006873 1.441665 3.119212
-0.057769 1.442804 3.119214
-0.108665 1.443943 3.119214
-0.159561 1.445083 3.119212
-0.210458 1.446222 3.119214
-0.261354 1.447361 3.119214
-0.312251 1.448500 3.119214
-0.363147 1.449639 3.119214
-0.414043 1.450778 3.119214
-0.464939 1.451918 3.119214
-0.515836 1.453057 3.119214
-0.566732 1.454196 3.119214
-0.617628 1.455335 3.119214
-0.668525 1.456474 3.119214
-0.719421 1.457613 3.119214
-0.770318 1.458753 3.119214
-0.821214 1.459892 3.119214
-0.872110 1.461031 3.119214
-0.923006 1.462170 3.119212
-0.973903 1.463309 3.119217
-1.024799 1.464448 3.119214
-1.075696 1.465588 3.119212
-1.126592 1.466727 3.119214
-1.177488 1.467866 3.119214
-1.228384 1.469005 3.119214
-1.279281 1.470144 3.119214
-1.330177 1.471284 3.119214
-1.381074 1.472423 3.119214
-1.431970 1.473562 3.119214
-1.482866 1.474701 3.119212
-1.533763 1.475840 3.119214
-1.584659 1.476979 3.119214
-1.635555 1.478119 3.119214
-1.686452 1.479258 3.119214
-1.737348 1.480397 3.119214
-1.788244 1.481536 3.119214
-1.839141 1.482675 3.119214
-1.890037 1.483814 3.119212
-1.940933 1.484954 3.119217
-1.991830 1.486093 3.119212
-2.042726 1.487232 3.119214
-2.093623 1.488371 3.119214
-2.144519 1.489510 3.119217
-2.195415 1.490649 3.119214
-2.246311 1.491789 3.119212
-2.297208 1.492928 3.119214
-2.348104 1.494067 3.119212
-2.399001 1.495206 3.119217
-2.449897 1.496345 3.119214
-2.500793 1.497485 3.119214
-2.551690 1.498624 3.119214
-2.602586 1.499763 3.119214
-2.653482 1.500902 3.119212
-2.704379 1.502041 3.119214
-2.755275 1.503181 3.119214
-2.806171 1.504320 3.119214
-2.857068 1.505459 3.119214
-2.907964 1.506598 -3.051159
-2.963182 1.501591 -2.813619
-3.012179 1.484919 -2.579921
-3.054921 1.458022 -2.366929
-3.091377 1.422341 -2.181808
-3.121514 1.379314 -2.023275
-3.145300 1.330383 -1.885860
-3.162703 1.276987 -1.763131
-3.173690 1.220566 -1.648900
-3.178230 1.162559 -1.537447
-3.176290 1.104408 -1.423226
-3.167838 1.047552 -1.300484
-3.152842 0.993430 -1.163077
-3.131269 0.943484 -1.004540
-3.103087 0.899152 -0.819424
-3.068264 0.861875 -0.606427
-3.026768 0.833093 -0.372733
-2.978567 0.814246 -0.135188
-2.923628 0.806773 -0.022378
-2.872731 0.805634 -0.022378
-2.821835 0.804495 -0.022378
-2.770939 0.803356 -0.022379
-2.720042 0.802217 -0.022378
-2.669146 0.801077 -0.022378
-2.618250 0.799938 -0.022378
-2.567353 0.798799 -0.022378
-2.516457 0.797660 -0.022378
-2.465561 0.796521 -0.022379
-2.414664 0.795381 -0.022378
-2.363768 0.794242 -0.022378
-2.312871 0.793103 -0.022378
-2.261975 0.791964 -0.022378
-2.211079 0.790825 -0.022378
-2.160182 0.789686 -0.022378
-2.109286 0.788547 -0.022379
-2.058390 0.787407 -0.022378
-2.007493 0.786268 -0.022378
-1.956597 0.785129 -0.022379
-1.905701 0.783990 -0.022378
-1.854804 0.782851 -0.022378
-1.803908 0.781711 -0.022378
-1.753012 0.780572 -0.022379
-1.702115 0.779433 -0.022378
-1.651219 0.778294 -0.022378
-1.600323 0.777155 -0.022378
-1.549426 0.776016 -0.022378
-1.498530 0.774876 -0.022378
-1.447634 0.773737 -0.022378
-1.396737 0.772598 -0.022378
-1.345841 0.771459 -0.022378
-1.294945 0.770320 -0.022379
-1.244048 0.769180 -0.022378
-1.193152 0.768041 -0.022378
-1.142256 0.766902 -0.022378
-1.091359 0.765763 -0.022379
-1.040463 0.764624 -0.022378
-0.989566 0.763485 -0.022378
-0.938670 0.762345 -0.022378
-0.887774 0.761206 -0.022378
-0.836878 0.760067 -0.022378
-0.785981 0.758928 -0.022378
-0.735085 0.757789 -0.022378
-0.684188 0.756650 -0.022378
-0.633292 0.755510 -0.022378
-0.582396 0.754371 -0.022381
-0.531499 0.753232 -0.022378
-0.480603 0.752093 -0.022378
-0.429707 0.750954 -0.022378
-0.378810 0.749815 -0.022378
-0.327914 0.748675 -0.022378
-0.277018 0.747536 -0.022378
-0.226121 0.746397 -0.022378
-0.175225 0.745258 -0.022378
-0.124329 0.744119 -0.022378
-0.073432 0.742980 -0.022378
-0.022536 0.741840 -0.022379
0.028360 0.740701 -0.022378
0.079257 0.739562 -0.022379
0.130153 0.738423 -0.022378
0.181049 0.737284 -0.022378
0.231946 0.736144 -0.022378
0.282842 0.735005 -0.022378
0.333738 0.733866 -0.022378
0.384635 0.732727 -0.022378
0.435531 0.731588 -0.022379
0.486427 0.730449 -0.022378
0.537324 0.729309 -0.022378
0.588220 0.728170 -0.022378
0.639116 0.727031 -0.022378
0.690013 0.725892 -0.022379
0.740909 0.724753 -0.022378
0.791806 0.723614 -0.022378
0.842702 0.722474 -0.022378
0.893598 0.721335 -0.022378
0.944494 0.720196 -0.022378
0.995391 0.719057 -0.022378
1.046287 0.717918 -0.022380
1.097183 0.716778 -0.022378
1.148080 0.715639 -0.022378
1.198976 0.714500 -0.022378
1.249872 0.713361 -0.022378
1.300769 0.712222 -0.022378
1.351665 0.711083 -0.022379
1.402561 0.709943 -0.022378
1.453458 0.708804 -0.022378
1.504354 0.707665 -0.022378
1.555251 0.706526 -0.022378
1.606147 0.705387 -0.022378
1.657043 0.704248 -0.022378
1.707939 0.703108 -0.022378
1.758836 0.701969 -0.022381
1.809732 0.700830 -0.022378
1.860629 0.699691 -0.022378
1.911525 0.698552 -0.022378
1.962421 0.697412 -0.022378
2.013318 0.696273 -0.022378
2.064214 0.695134 -0.022378
2.115110 0.693995 -0.022379
2.166007 0.692856 -0.022378
2.216903 0.691717 -0.022378
2.267799 0.690577 -0.022378
2.318696 0.689438 -0.022378
2.369592 0.688299 -0.022378
2.420488 0.687160 -0.022378
2.471385 0.686021 -0.022379
2.522281 0.684882 -0.022378
2.573178 0.683742 -0.022378
2.624074 0.682603 -0.022378
2.674970 0.681464 -0.108026
2.755005 0.672785 -0.304754
2.820187 0.652281 -0.535519
2.870572 0.622385 -0.802195
2.906214 0.585525 -1.102187
2.927169 0.544131 -1.426509
2.933489 0.500634 -1.759844
2.925229 0.457463 -2.084153
2.902444 0.417049 -2.384163
2.865188 0.381820 -2.650829
2.813515 0.354208 -2.881600
2.747481 0.336642 -3.078322
2.667138 0.331552 3.119214
2.616296 0.332690 3.119214
2.565454 0.333828 3.119214
2.514612 0.334966 3.119214
2.463771 0.336104 3.119214
2.412929 0.337241 3.119214
2.362087 0.338379 3.119214
2.311244 0.339517 3.119214
2.260402 0.340655 3.119214
2.209561 0.341793 3.119214
2.158719 0.342931 3.119214
2.107877 0.344069 3.119214
2.057035 0.345207 3.119214
2.006193 0.346345 3.119214
1.955351 0.347483 3.119214
1.904509 0.348621 3.119214
1.853667 0.349759 3.119214
1.802825 0.350897 3.119214
1.751983 0.352035 3.119215
1.701141 0.353173 3.119213
1.650299 0.354311 3.119214
1.599457 0.355449 3.119214
1.548615 0.356587 3.119214
1.497773 0.357725 3.119214
1.446931 0.358863 3.119215
1.396089 0.360001 3.119214
1.345247 0.361139 3.119214
1.294405 0.362277 3.119214
1.243563 0.363414 3.119214
1.192721 0.364552 3.119214
1.141879 0.365690 3.119214
1.091037 0.366828 3.119214
1.040195 0.367966 3.119215
0.989353 0.369104 3.119213
0.938511 0.370242 3.119215
0.887669 0.371380 3.119214
0.836828 0.372518 3.119215
0.785985 0.373656 3.119214
0.735144 0.374794 3.119214
0.684301 0.375932 3.119214
0.633460 0.377070 3.119215
0.582618 0.378208 3.119214
0.531776 0.379346 3.119215
0.480934 0.380484 3.119213
0.430092 0.381622 3.119215
0.379250 0.382760 3.119214
0.328408 0.383898 3.119214
0.277566 0.385036 3.119214
0.226724 0.386174 3.119215
0.175882 0.387312 3.119214
0.125040 0.388450 3.119214
0.074198 0.389588 3.119214
0.023356 0.390725 3.119215
-0.027486 0.391863 3.119214
-0.078328 0.393001 3.119214
-0.129170 0.394139 3.119214
-0.180012 0.395277 3.119215
-0.230854 0.396415 3.119214
-0.281696 0.397553 3.119214
-0.332538 0.398691 3.119214
-0.383380 0.399829 3.119214
-0.434222 0.400967 3.119214
-0.485064 0.402105 3.119214
-0.535906 0.403243 3.119214
-0.586748 0.404381 3.119214
-0.637590 0.405519 3.119214
-0.688432 0.406657 3.119214
-0.739274 0.407795 3.119214
-0.790116 0.408933 3.119214
-0.840958 0.410071 3.119214
-0.891800 0.411209 3.119214
-0.942641 0.412347 3.119214
-0.993483 0.413485 3.119214
-1.044325 0.414623 3.119214
-1.095167 0.415761 3.119214
-1.146009 0.416898 3.119214
-1.196851 0.418036 3.119214
-1.247693 0.419174 3.119213
-1.298535 0.420312 3.119214
-1.349377 0.421450 3.119214
-1.400219 0.422588 3.119214
-1.451061 0.423726 3.119214
-1.501903 0.424864 3.119214
-1.552745 0.426002 3.119214
-1.603587 0.427140 3.119214
-1.654429 0.428278 3.119215
-1.705271 0.429416 3.119214
-1.756113 0.430554 3.119214
-1.806955 0.431692 3.119214
-1.857797 0.432830 3.119214
-1.908639 0.433968 3.119214
-1.959481 0.435106 3.119214
-2.010323 0.436244 3.119214
-2.061165 0.437382 3.119214
-2.112007 0.438520 3.119214
-2.162848 0.439658 3.119214
-2.213691 0.440796 3.119214
-2.264533 0.441934 3.119214
-2.315375 0.443071 3.119214
-2.366217 0.444209 3.119214
-2.417058 0.445347 3.119214
-2.467901 0.446485 3.119214
-2.518742 0.447623 3.119214
-2.569584 0.448761 3.119214
-2.620426 0.449899 3.119214
-2.671268 0.451037 3.119213
-2.722110 0.452175 3.119214
-2.772952 0.453313 3.119214
-2.823794 0.454451 3.119214
-2.874636 0.455589 3.119214
-2.925478 0.456727 3.119215
-2.976320 0.457865 3.119214
-3.027162 0.459003 3.119214
-3.078004 0.460141 3.119214
-3.128846 0.461279 3.119214
-3.179688 0.462417 3.119214
-3.230530 0.463555 3.119214
-3.281372 0.464693 3.066632
-3.347777 0.469680 2.944541
-3.407027 0.481509 2.797463
-3.459122 0.500179 2.625275
-3.504063 0.525691 2.433482
-3.541848 0.558045 2.234147
-3.572479 0.597240 2.042358
-3.595954 0.643277 1.870174
-3.612276 0.696155 1.723087
-3.621441 0.755875 1.601001
-3.623452 0.822437 -1.577045
-3.623982 0.737662 -1.541498
-3.621656 0.658293 -1.500845
-3.616474 0.584330 -1.454082
-3.608436 0.515774 -1.399960
-3.597541 0.452624 -1.337025
-3.583791 0.394880 -1.263548
-3.567184 0.342542 -1.177686
-3.547722 0.295610 -1.077626
-3.525403 0.254085 -0.962096
-3.500229 0.217966 -0.831025
-3.472198 0.187253 -0.686426
-3.441311 0.161946 -0.532866
-3.407568 0.142045 -0.377084
-3.370970 0.127551 -0.226397
-3.331515 0.118462 -0.086806
-3.289204 0.114780 -0.022378
-3.238362 0.113642 -0.022378
-3.187520 0.112504 -0.022379
-3.136678 0.111366 -0.022379
-3.085836 0.110228 -0.022378
-3.034994 0.109091 -0.022378
-2.984152 0.107953 -0.022378
-2.933310 0.106815 -0.022378
-2.882468 0.105677 -0.022379
-2.831626 0.104539 -0.022379
-2.780784 0.103401 -0.022378
-2.729942 0.102263 -0.022378
-2.679100 0.101125 -0.022378
-2.628258 0.099987 -0.022378
-2.577416 0.098849 -0.022379
-2.526574 0.097711 -0.022379
-2.475732 0.096573 -0.022379
-2.424890 0.095435 -0.022378
-2.374048 0.094297 -0.022378
-2.323206 0.093159 -0.022379
-2.272364 0.092021 -0.022378
-2.221522 0.090883 -0.022379
-2.170681 0.089745 -0.022378
-2.119838 0.088607 -0.022378
-2.068996 0.087469 -0.022379
-2.018155 0.086331 -0.022378
-1.967313 0.085193 -0.022378
-1.916471 0.084055 -0.022379
-1.865629 0.082918 -0.022378
-1.814787 0.081780 -0.022379
-1.763945 0.080642 -0.022378
-1.713102 0.079504 -0.022378
-1.662261 0.078366 -0.022379
-1.611418 0.077228 -0.022378
-1.560577 0.076090 -0.022379
-1.509735 0.074952 -0.022379
-1.458893 0.073814 -0.022378
-1.408051 0.072676 -0.022379
-1.357209 0.071538 -0.022378
-1.306367 0.070400 -0.022378
-1.255525 0.069262 -0.022379
-1.204683 0.068124 -0.022378
-1.153841 0.066986 -0.022379
-1.102999 0.065848 -0.022379
-1.052157 0.064710 -0.022378
-1.001315 0.063572 -0.022379
-0.950473 0.062434 -0.022379
-0.899631 0.061296 -0.022378
-0.848789 0.060158 -0.022379
-0.797947 0.059020 -0.022378
-0.747105 0.057882 -0.022379
-0.696263 0.056744 -0.022378
-0.645422 0.055607 -0.022378
-0.594579 0.054469 -0.022379
-0.543737 0.053331 -0.022379
-0.492895 0.052193 -0.022378
-0.442054 0.051055 -0.022379
-0.391211 0.049917 -0.022379
-0.340370 0.048779 -0.022378
-0.289527 0.047641 -0.022379
-0.238685 0.046503 -0.022378
-0.187843 0.045365 -0.022379
-0.137002 0.044227 -0.022378
-0.086160 0.043089 -0.022378
-0.035318 0.041951 -0.022379
0.015524 0.040813 -0.022379
0.066366 0.039675 -0.022378
0.117208 0.038537 -0.022379
0.168050 0.037399 -0.022379
0.218892 0.036261 -0.022379
0.269734 0.035123 -0.022378
0.320576 0.033985 -0.022378
0.371418 0.032847 -0.022379
0.422260 0.031709 -0.022379
0.473102 0.030571 -0.022379
0.523944 0.029434 -0.022378
0.574786 0.028296 -0.022378
0.625628 0.027158 -0.022379
0.676470 0.026020 -0.022379
0.727312 0.024882 -0.022378
0.778154 0.023744 -0.022379
0.828996 0.022606 -0.022379
0.879838 0.021468 -0.022379
0.930680 0.020330 -0.022379
0.981522 0.019192 -0.022378
1.032364 0.018054 -0.022379
1.083206 0.016916 -0.022379
1.134048 0.015778 -0.022378
1.184890 0.014640 -0.022379
1.235731 0.013502 -0.022379
1.286573 0.012364 -0.022378
1.337415 0.011226 -0.022378
1.388258 0.010088 -0.022379
1.439099 0.008950 -0.022378
1.489941 0.007812 -0.022379
1.540783 0.006674 -0.022378
1.591625 0.005536 -0.022379
1.642467 0.004398 -0.022378
1.693309 0.003261 -0.022379
1.744151 0.002123 -0.022379
1.794993 0.000985 -0.022378
1.845835 -0.000153 -0.022379
1.896677 -0.001291 -0.022379
1.947519 -0.002429 -0.022379
1.998361 -0.003567 -0.022378
2.049203 -0.004705 -0.022378
2.100045 -0.005843 -0.022378
2.150887 -0.006981 -0.022379
2.201729 -0.008119 -0.022379
2.252571 -0.009257 -0.022378
2.303413 -0.010395 -0.022378
2.354255 -0.011533 -0.022378
2.405097 -0.012671 -0.022378
2.455939 -0.013809 -0.022379
2.506781 -0.014947 -0.022379
2.557622 -0.016085 -0.022378
2.608464 -0.017223 -0.022378
2.659307 -0.018361 -0.108027
2.739341 -0.027040 -0.304751
2.804523 -0.047543 -0.535520
2.854908 -0.077440 -0.802194
2.890551 -0.114300 -1.102178
2.911505 -0.155694 -1.426520
2.917825 -0.199191 -1.759834
2.909565 -0.242362 -2.084157
2.886780 -0.282776 -2.384163
2.849524 -0.318005 -2.650826
2.797852 -0.345617 -2.881601
2.731817 -0.363183 -3.078323
2.651475 -0.368273 3.119214
2.600633 -0.367135 3.119214
2.549791 -0.365997 3.119214
2.498949 -0.364859 3.119214
2.448107 -0.363721 3.119214
2.397265 -0.362583 3.119214
2.346423 -0.361445 3.119214
2.295581 -0.360307 3.119214
2.244739 -0.359169 3.119214
2.193897 -0.358031 3.119214
2.143055 -0.356893 3.119214
2.092213 -0.355756 3.119214
2.041371 -0.354618 3.119214
1.990529 -0.353480 3.119214
1.939687 -0.352342 3.119214
1.888845 -0.351204 3.119214
1.838003 -0.350066 3.119214
1.787161 -0.348928 3.119214
1.736319 -0.347790 3.119214
1.685477 -0.346652 3.119214
1.634635 -0.345514 3.119214
1.583793 -0.344376 3.119214
1.532951 -0.343238 3.119214
1.482110 -0.342100 3.119214
1.431268 -0.340962 3.119214
1.380426 -0.339824 3.119214
1.329584 -0.338686 3.119214
1.278742 -0.337548 3.119215
1.227900 -0.336410 3.119214
1.177058 -0.335272 3.119214
1.126216 -0.334134 3.119213
1.075374 -0.332996 3.119215
1.024532 -0.331858 3.119213
0.973690 -0.330720 3.119215
0.922848 -0.329583 3.119214
0.872006 -0.328445 3.119214
0.821164 -0.327307 3.119213
0.770322 -0.326169 3.119215
0.719480 -0.325031 3.119214
0.668638 -0.323893 3.119214
0.617796 -0.322755 3.119213
0.566954 -0.321617 3.119215
0.516112 -0.320479 3.119214
0.465270 -0.319341 3.119214
0.414428 -0.318203 3.119214
0.363586 -0.317065 3.119214
0.312744 -0.315927 3.119214
0.261902 -0.314789 3.119214
0.211060 -0.313651 3.119214
0.160218 -0.312513 3.119214
0.109376 -0.311375 3.119214
0.058534 -0.310237 3.119214
0.007692 -0.309099 3.119214
-0.043150 -0.307961 3.119214
-0.093992 -0.306823 3.119214
-0.144834 -0.305685 3.119214
-0.195675 -0.304547 3.119213
-0.246518 -0.303409 3.119215
-0.297359 -0.302272 3.119214
-0.348202 -0.301134 3.119214
-0.399044 -0.299996 3.119214
-0.449885 -0.298858 3.119214
-0.500727 -0.297720 3.119214
-0.551569 -0.296582 3.119214
-0.602411 -0.295444 3.119214
-0.653253 -0.294306 3.119214
-0.704095 -0.293168 3.119214
-0.754937 -0.292030 3.119214
-0.805779 -0.290892 3.119214
-0.856621 -0.289754 3.119214
-0.907463 -0.288616 3.119214
-0.958305 -0.287478 3.119214
-1.009147 -0.286340 3.119214
-1.059989 -0.285202 3.119214
-1.110831 -0.284064 3.119214
-1.161673 -0.282926 3.119214
-1.212515 -0.281788 3.119214
-1.263357 -0.280650 3.119214
-1.314199 -0.279512 3.119214
-1.365041 -0.278374 3.119214
-1.415883 -0.277236 3.119214
-1.466725 -0.276098 3.119214
-1.517567 -0.274961 3.119214
-1.568409 -0.273823 3.119214
-1.619251 -0.272685 3.119214
-1.670093 -0.271547 3.119214
-1.720934 -0.270409 3.119215
-1.771777 -0.269271 3.119214
-1.822619 -0.268133 3.119214
-1.873460 -0.266995 3.119214
-1.924302 -0.265857 3.119214
-1.975144 -0.264719 3.119214
-2.025986 -0.263581 3.119214
-2.076828 -0.262443 3.119214
-2.127670 -0.261305 3.119214
-2.178512 -0.260167 3.119214
-2.229354 -0.259029 3.119214
-2.280196 -0.257891 3.119214
-2.331038 -0.256753 3.119214
-2.381880 -0.255615 3.119214
-2.432722 -0.254477 3.119214
-2.483564 -0.253339 3.119214
-2.534406 -0.252201 3.119214
-2.585248 -0.251063 3.119214
-2.636090 -0.249925 3.119214
-2.686932 -0.248788 3.119214
-2.737774 -0.247650 3.119214
-2.788616 -0.246512 3.119214
-2.839458 -0.245374 3.119214
-2.890300 -0.244236 3.119214
-2.941142 -0.243098 3.119214
-2.991984 -0.241960 3.119214
-3.042826 -0.240822 3.119214
-3.093668 -0.239684 3.119214
-3.144510 -0.238546 3.119214
-3.195352 -0.237408 3.119214
-3.246193 -0.236270 3.119214
-3.297035 -0.235132 -3.078322
-3.377378 -0.240222 -2.881600
-3.443412 -0.257788 -2.650830
-3.495085 -0.285400 -2.384151
-3.532340 -0.320629 -2.084180
-3.555126 -0.361043 -1.759823
-3.563385 -0.404214 -1.426509
-3.557065 -0.447712 -1.102197
-3.536112 -0.489105 -0.802188
-3.500469 -0.525965 -0.535524
-3.450084 -0.555862 -0.304749
-3.384901 -0.576365 -0.108027
-3.304867 -0.585044 -0.022379
-3.254025 -0.586182 -0.022377
-3.203183 -0.587320 -0.022380
-3.152341 -0.588458 -0.022378
-3.101500 -0.589596 -0.022379
-3.050657 -0.590734 -0.022378
-2.999815 -0.591872 -0.022379
-2.948973 -0.593010 -0.022379
-2.898132 -0.594148 -0.022379
-2.847290 -0.595286 -0.022379
-2.796448 -0.596424 -0.022378
-2.745606 -0.597562 -0.022379
-2.694764 -0.598700 -0.022379
-2.643922 -0.599838 -0.022379
-2.593080 -0.600976 -0.022378
-2.542238 -0.602114 -0.022379
-2.491396 -0.603252 -0.022378
-2.440554 -0.604390 -0.022380
-2.389712 -0.605528 -0.022378
-2.338870 -0.606666 -0.022379
-2.288028 -0.607804 -0.022379
-2.237186 -0.608942 -0.022379
-2.186344 -0.610080 -0.022378
-2.135502 -0.611217 -0.022379
-2.084660 -0.612355 -0.022379
-2.033818 -0.613493 -0.022379
-1.982976 -0.614631 -0.022378
-1.932134 -0.615769 -0.022379
-1.881292 -0.616907 -0.022379
-1.830450 -0.618045 -0.022379
-1.779608 -0.619183 -0.022378
-1.728766 -0.620321 -0.022379
-1.677924 -0.621459 -0.022378
-1.627082 -0.622597 -0.022380
-1.576241 -0.623735 -0.022378
-1.525398 -0.624873 -0.022379
-1.474556 -0.626011 -0.022379
-1.423714 -0.627149 -0.022379
-1.372872 -0.628287 -0.022378
-1.322030 -0.629425 -0.022379
-1.271189 -0.630563 -0.022377
-1.220346 -0.631701 -0.022379
-1.169505 -0.632839 -0.022379
-1.118663 -0.633977 -0.022379
-1.067821 -0.635115 -0.022379
-1.016979 -0.636253 -0.022379
-0.966137 -0.637390 -0.022378
-0.915295 -0.638528 -0.022380
-0.864453 -0.639666 -0.022376
-0.813611 -0.640804 -0.022380
-0.762769 -0.641942 -0.022378
-0.711927 -0.643080 -0.022379
-0.661085 -0.644218 -0.022379
-0.610243 -0.645356 -0.022379
-0.559401 -0.646494 -0.022379
-0.508559 -0.647632 -0.022379
-0.457717 -0.648770 -0.022376
-0.406875 -0.649908 -0.022380
-0.356033 -0.651046 -0.022378
-0.305191 -0.652184 -0.022379
-0.254349 -0.653322 -0.022379
-0.203507 -0.654460 -0.022379
-0.152665 -0.655598 -0.022379
-0.101823 -0.656736 -0.022378
-0.050981 -0.657874 -0.022379
-0.000139 -0.659012 -0.022379
0.050703 -0.660150 -0.022378
0.101545 -0.661288 -0.022379
0.152387 -0.662426 -0.022379
0.203229 -0.663563 -0.022379
0.254071 -0.664701 -0.022379
0.304913 -0.665839 -0.022378
0.355755 -0.666977 -0.022379
0.406596 -0.668115 -0.022379
0.457438 -0.669253 -0.022378
0.508280 -0.670391 -0.022379
0.559122 -0.671529 -0.022379
0.609964 -0.672667 -0.022379
0.660806 -0.673805 -0.022379
0.711648 -0.674943 -0.022378
0.762490 -0.676081 -0.022379
0.813332 -0.677219 -0.022379
0.864174 -0.678357 -0.022378
0.915016 -0.679495 -0.022379
0.965858 -0.680633 -0.022379
1.016700 -0.681771 -0.022379
1.067542 -0.682909 -0.022379
1.118384 -0.684047 -0.022378
1.169226 -0.685185 -0.022378
1.220068 -0.686323 -0.022380
1.270910 -0.687461 -0.022379
1.321752 -0.688599 -0.022378
1.372594 -0.689736 -0.022379
1.423436 -0.690874 -0.022378
1.474278 -0.692012 -0.022380
1.525120 -0.693150 -0.022378
1.575962 -0.694288 -0.022379
1.626804 -0.695426 -0.022378
1.677645 -0.696564 -0.022379
1.728488 -0.697702 -0.022380
1.779330 -0.698840 -0.022378
1.830171 -0.699978 -0.022379
1.881014 -0.701116 -0.022378
1.931855 -0.702254 -0.022379
1.982697 -0.703392 -0.022379
2.033539 -0.704530 -0.022379
2.084381 -0.705668 -0.022378
2.135223 -0.706806 -0.022379
2.186065 -0.707944 -0.022379
2.236907 -0.709082 -0.022379
2.287749 -0.710220 -0.022379
2.338591 -0.711358 -0.022378
2.389433 -0.712496 -0.022379
2.440275 -0.713634 -0.022378
2.491117 -0.714772 -0.022380
2.541959 -0.715910 -0.022377
2.592801 -0.717047 -0.022379
2.643643 -0.718185 -0.108027
2.723677 -0.726865 -0.304751
2.788859 -0.747368 -0.535517
2.839245 -0.777265 -0.802192
2.874887 -0.814125 -1.102184
2.895842 -0.855518 -1.426515
2.902161 -0.899016 -1.759845
2.893901 -0.942186 -2.084157
2.871116 -0.982601 -2.384161
2.833860 -1.017829 -2.650829
2.782188 -1.045442 -2.881598
2.716153 -1.063008 -3.078323
2.635811 -1.068098 3.119214
2.585017 -1.066961 3.119214
2.534224 -1.065824 3.119216
2.483430 -1.064687 3.119214
2.432636 -1.063550 3.119211
2.381842 -1.062413 3.119216
2.331048 -1.061277 3.119214
2.280255 -1.060140 3.119216
2.229461 -1.059003 3.119214
2.178668 -1.057866 3.119214
2.127874 -1.056729 3.119214
2.077080 -1.055592 3.119214
2.026286 -1.054455 3.119214
1.975493 -1.053318 3.119214
1.924699 -1.052181 3.119214
1.873905 -1.051045 3.119216
1.823112 -1.049908 3.119214
1.772318 -1.048771 3.119214
1.721524 -1.047634 3.119216
1.670730 -1.046497 3.119214
1.619936 -1.045360 3.119211
1.569143 -1.044223 3.119216
1.518349 -1.043087 3.119214
1.467555 -1.041950 3.119214
1.416762 -1.040813 3.119216
1.365968 -1.039676 3.119214
1.315174 -1.038539 3.119214
1.264380 -1.037402 3.119214
1.213587 -1.036265 3.119214
1.162793 -1.035128 3.119214
1.111999 -1.033991 3.119214
1.061206 -1.032855 3.119216
1.010412 -1.031718 3.119214
0.959618 -1.030581 3.119214
0.908824 -1.029444 3.119214
0.858031 -1.028307 3.119216
0.807237 -1.027170 3.119214
0.756443 -1.026033 3.119211
0.705649 -1.024896 3.119216
0.654856 -1.023760 3.119214
0.604062 -1.022623 3.119214
0.553268 -1.021486 3.119214
0.502474 -1.020349 3.119214
0.451681 -1.019212 3.119216
0.400887 -1.018075 3.119214
0.350093 -1.016938 3.119214
0.299299 -1.015801 3.119216
0.248506 -1.014665 3.119211
0.197712 -1.013528 3.119216
0.146918 -1.012391 3.119214
0.096125 -1.011254 3.119214
0.045331 -1.010117 3.119214
-0.005463 -1.008980 3.119214
-0.056257 -1.007843 3.119216
-0.107050 -1.006706 3.119214
-0.157844 -1.005570 3.119214
-0.208638 -1.004433 3.119214
-0.259432 -1.003296 3.119214
-0.310225 -1.002159 3.119214
-0.361019 -1.001022 3.119214
-0.411813 -0.999885 3.119216
-0.462606 -0.998748 3.119214
-0.513400 -0.997611 3.119214
-0.564194 -0.996475 3.119215
-0.614987 -0.995338 3.119214
-0.665781 -0.994201 3.119215
-0.716575 -0.993064 3.119214
-0.767369 -0.991927 3.119214
-0.818163 -0.990790 3.119214
-0.868956 -0.989653 3.119215
-0.919750 -0.988516 3.119214
-0.970544 -0.987379 3.119215
-1.021337 -0.986243 3.119214
-1.072131 -0.985106 3.119214
-1.122925 -0.983969 3.119214
-1.173719 -0.982832 3.119215
-1.224512 -0.981695 3.119215
-1.275306 -0.980558 3.119214
-1.326100 -0.979421 3.119214
-1.376894 -0.978284 3.119214
-1.427687 -0.977148 3.119215
-1.478481 -0.976011 3.119214
-1.529275 -0.974874 3.119215
-1.580069 -0.973737 3.119214
-1.630862 -0.972600 3.119214
-1.681656 -0.971463 3.119214
-1.732450 -0.970326 3.119215
-1.783243 -0.969189 3.119214
-1.834037 -0.968053 3.119215
-1.884831 -0.966916 3.119214
-1.935625 -0.965779 3.119214
-1.986418 -0.964642 3.119214
-2.037212 -0.963505 3.119215
-2.088006 -0.962368 3.119215
-2.138799 -0.961231 3.119214
-2.189593 -0.960094 3.119214
-2.240387 -0.958958 3.119214
-2.291181 -0.957821 3.119215
-2.341975 -0.956684 3.119214
-2.392768 -0.955547 3.119215
-2.443562 -0.954410 3.119214
-2.494356 -0.953273 3.119214
-2.545149 -0.952136 3.119214
-2.595943 -0.950999 3.119215
-2.646737 -0.949863 3.119214
-2.697531 -0.948726 3.119215
-2.748324 -0.947589 3.119214
-2.799118 -0.946452 3.119214
-2.849912 -0.945315 3.119215
-2.900706 -0.944178 3.119214
-2.951499 -0.943041 3.119214
-3.002293 -0.941904 3.119215
-3.053087 -0.940768 3.119214
-3.103881 -0.939631 3.119214
-3.154674 -0.938494 3.119215
-3.205468 -0.937357 3.119214
-3.256262 -0.936220 3.119215
-3.307055 -0.935083 3.119214
-3.357849 -0.933946 3.119214
-3.408643 -0.932809 3.119215
-3.459436 -0.931673 3.119214
-3.510230 -0.930536 3.119214
-3.561024 -0.929399 3.119215
-3.611818 -0.928262 3.119214
EOP
-1.221057 -1.331860 -0.022380
-1.169850 -1.333006 -0.022378
-1.118644 -1.334152 -0.022375
-1.067437 -1.335298 -0.022380
-1.016230 -1.336444 -0.022380
-0.965023 -1.337591 -0.022380
-0.913817 -1.338737 -0.022375
-0.862610 -1.339883 -0.022378
-0.811403 -1.341029 -0.022380
-0.760197 -1.342175 -0.022380
-0.708990 -1.343321 -0.022378
-0.657783 -1.344467 -0.022378
-0.606577 -1.345613 -0.022380
-0.555370 -1.346760 -0.022378
-0.504163 -1.347906 -0.022380
-0.452956 -1.349052 -0.022375
-0.401750 -1.350198 -0.022380
-0.350543 -1.351344 -0.022378
-0.299336 -1.352490 -0.022380
-0.248130 -1.353636 -0.022380
-0.196923 -1.354783 -0.022378
-0.145716 -1.355929 -0.022378
-0.094510 -1.357075 -0.022380
-0.043303 -1.358221 -0.022378
0.007904 -1.359367 -0.022378
0.059110 -1.360513 -0.022380
0.110317 -1.361659 -0.022378
0.161524 -1.362805 -0.022378
0.212731 -1.363951 -0.022378
0.263937 -1.365098 -0.022378
0.315144 -1.366244 -0.022380
0.366351 -1.367390 -0.022380
0.417557 -1.368536 -0.022378
0.468764 -1.369682 -0.022378
0.519971 -1.370828 -0.022378
0.571177 -1.371974 -0.022378
0.622384 -1.373120 -0.022382
0.673591 -1.374267 -0.022378
0.724797 -1.375413 -0.022378
0.776004 -1.376559 -0.022378
0.827211 -1.377705 -0.022378
0.878417 -1.378851 -0.022378
0.929624 -1.379997 -0.022382
0.980831 -1.381143 -0.022378
1.032037 -1.382289 -0.022378
1.083244 -1.383435 -0.022378
1.134451 -1.384582 -0.022378
1.185658 -1.385728 -0.022380
1.236864 -1.386874 -0.022380
1.288071 -1.388020 -0.022378
1.339278 -1.389166 -0.022378
1.390484 -1.390312 -0.022378
1.441691 -1.391458 -0.022380
1.492898 -1.392604 -0.022378
1.544105 -1.393751 -0.022380
1.595311 -1.394897 -0.022378
1.646518 -1.396043 -0.022378
1.697724 -1.397189 -0.022378
1.748931 -1.398335 -0.022380
1.800138 -1.399481 -0.022378
1.851345 -1.400627 -0.022380
1.902551 -1.401773 -0.022378
1.953758 -1.402920 -0.022378
2.004965 -1.404066 -0.022380
2.056171 -1.405212 -0.022378
2.107378 -1.406358 -0.022380
2.158585 -1.407504 -0.022375
2.209791 -1.408650 -0.022380
2.260998 -1.409796 -0.022380
2.312205 -1.410942 -0.022378
2.363412 -1.412089 -0.022380
2.414618 -1.413235 -0.022375
2.465825 -1.414381 -0.022380
2.517031 -1.415527 -0.022380
2.568238 -1.416673 -0.022378
2.619445 -1.417819 -0.022378
2.670651 -1.418965 -0.022378
2.721858 -1.420111 -0.022380
2.773065 -1.421257 -0.022378
2.824272 -1.422404 -0.022380
2.875479 -1.423550 -0.022375
2.926685 -1.424696 -0.022380
EOP
3.048378 1.723369 3.119212
2.996752 1.724525 3.119217
2.945125 1.725680 3.119215
2.893499 1.726836 3.119212
2.841872 1.727991 3.119215
2.790246 1.729147 3.119217
2.738620 1.730302 3.119212
2.686993 1.731458 3.119212
2.635367 1.732614 3.119215
2.583740 1.733769 3.119215
2.532114 1.734925 3.119217
2.480487 1.736080 3.119212
2.428861 1.737236 3.119212
2.377234 1.738391 3.119217
2.325608 1.739547 3.119212
2.273982 1.740702 3.119215
2.222355 1.741858 3.119215
2.170729 1.743013 3.119217
2.119102 1.744169 3.119212
2.067476 1.745324 3.119212
2.015850 1.746480 3.119215
1.964223 1.747635 3.119215
1.912597 1.748791 3.119217
1.860970 1.749946 3.119212
1.809344 1.751102 3.119217
1.757718 1.752257 3.119212
1.706091 1.753413 3.119212
1.654465 1.754568 3.119217
1.602839 1.755724 3.119212
1.551212 1.756879 3.119214
1.499586 1.758035 3.119214
1.447959 1.759190 3.119214
1.396333 1.760346 3.119215
1.344706 1.761501 3.119212
1.293080 1.762657 3.119214
1.241454 1.763812 3.119215
1.189827 1.764968 3.119212
1.138201 1.766124 3.119217
1.086574 1.767279 3.119212
1.034948 1.768435 3.119217
0.983321 1.769590 3.119212
0.931695 1.770746 3.119215
0.880069 1.771901 3.119214
0.828442 1.773057 3.119212
0.776816 1.774212 3.119217
0.725189 1.775367 3.119212
0.673563 1.776523 3.119217
0.621937 1.777678 3.119212
0.570310 1.778834 3.119215
0.518684 1.779990 3.119214
0.467057 1.781145 3.119212
0.415431 1.782301 3.119217
0.363804 1.783456 3.119212
0.312178 1.784612 3.119215
0.260552 1.785767 3.119214
0.208925 1.786923 3.119214
0.157299 1.788078 3.119215
0.105672 1.789234 3.119212
0.054046 1.790389 3.119217
0.002420 1.791545 3.119212
-0.049207 1.792700 3.119214
EOP
