3.204338 3.279046 1.579436
3.203780 3.343645 1.582415
3.203104 3.401835 1.587369
3.201761 3.482836 1.588604
3.200833 3.534965 1.586025
3.200053 3.586171 1.586582
3.199171 3.642065 1.568814
3.199309 3.711819 1.563921
3.199861 3.792131 1.589234
3.198576 3.861834 1.565927
3.198893 3.926901 1.546691
3.200433 3.990773 1.584773
3.199493 4.057993 1.581286
3.198402 4.162000 1.576909
3.197871 4.248901 1.584015
3.196681 4.338919 1.598603
3.194668 4.411274 1.627017
3.188500 4.520880 1.584488
3.187267 4.610901 1.589030
3.185951 4.683083 1.596290
3.183177 4.791861 1.583294
3.182052 4.881863 1.596669
3.179713 4.972242 1.601260
3.176952 5.062858 1.579880
3.176134 5.152885 1.587423
3.174755 5.235830 1.597733
3.172641 5.314276 1.583889
3.171463 5.404282 1.622791
3.166971 5.490589 1.645517
3.160686 5.574554 1.580350
3.159826 5.664569 1.570609
3.159840 5.743366 1.557302
3.160808 5.815041 1.575688
3.160367 5.905058 1.561837
3.161189 5.996814 1.547913
3.163313 6.089600 1.569983
3.163386 6.179619 1.588329
3.161885 6.265211 1.604587
3.159087 6.347993 1.573188
3.158872 6.438017 1.553998
3.160426 6.530517 1.541401
3.163191 6.624559 1.571821
3.163099 6.714574 1.545819
3.165270 6.801478 1.526513
3.169033 6.886398 1.570338
3.169074 6.976420 1.568009
3.169323 7.065983 1.563520
3.169973 7.155235 1.567221
3.170295 7.245264 1.611620
3.166593 7.335884 1.644262
3.159900 7.426826 1.568433
3.160113 7.516826 1.570661
3.160125 7.610355 1.572235
3.159987 7.706337 1.540006
3.162763 7.796450 1.511369
3.168100 7.886158 1.479060
3.176260 7.974856 1.467455
3.185467 8.063627 1.439675
3.198465 8.162189 1.414548
3.214967 8.266947 1.381427
3.232044 8.356042 1.380750
3.250823 8.453664 1.372285
3.271544 8.556668 1.290506
3.296347 8.642829 1.304895
3.322354 8.738321 1.305774
3.349257 8.837447 1.232361
3.375695 8.912559 1.255392
3.391978 8.962460 1.344325
3.404287 9.015879 1.247611
3.431514 9.097173 1.098493
3.446388 9.126288 0.967644
3.450253 9.131900 1.516926
3.450484 9.136167 -2.664014
3.446793 9.134256 -2.836586
3.442106 9.132781 -2.388082
3.434687 9.125820 -0.139778
3.455042 9.122956 -0.249770
3.513033 9.108163 -0.356166
3.570149 9.086914 -0.497804
3.622913 9.058239 -0.600935
3.673235 9.023743 -0.725491
3.719398 8.982804 -0.824426
3.762237 8.936484 -0.862673
3.802175 8.889842 -0.959738
3.837976 8.838734 -1.063381
3.867450 8.785721 -1.282162
3.887294 8.718889 -1.324860
3.901287 8.663142 -1.421050
3.910027 8.605219 -1.457537
3.916761 8.546014 -1.479366
3.922230 8.486359 -1.600283
3.920450 8.426001 -1.622143
3.917377 8.366210 -1.423869
3.925234 8.313121 -1.605195
3.923152 8.252609 -1.570028
3.923198 8.192371 -1.486471
3.928084 8.134573 -1.413834
3.936798 8.079514 -1.395472
3.946958 8.022158 -1.333935
3.960793 7.964845 -1.306385
3.981727 7.887524 -1.194703
4.004296 7.830373 -1.134803
4.030052 7.775089 -0.976614
4.063037 7.726268 -1.020608
4.093579 7.676475 -0.958918
4.127130 7.628662 -0.893589
4.164624 7.582031 -0.822903
4.206925 7.536431 -0.786142
4.252427 7.490861 -0.769395
4.295533 7.449114 -0.761094
4.338932 7.407774 -0.766094
4.382182 7.366163 -0.719859
4.421724 7.331491 -0.768590
4.472649 7.282251 -0.913047
4.512431 7.230753 -0.986266
4.541200 7.187274 -1.053202
4.569024 7.138406 -1.183036
4.599005 7.065001 -1.307012
4.619132 6.990480 -1.447013
4.628888 6.912067 -1.569980
4.628962 6.821558 -1.564290
4.629372 6.758458 -1.564310
4.629817 6.689874 -1.580012
4.629174 6.620126 -1.717994
4.618877 6.550676 -1.820911
4.602887 6.488083 -1.910415
4.582346 6.429945 -1.834357
4.564175 6.362605 -1.849945
4.542252 6.286119 -1.865855
4.517385 6.204303 -1.925218
4.498001 6.151918 -1.940896
4.467615 6.073601 -1.894190
4.448781 6.017406 -1.799415
4.426201 5.920368 -1.964341
4.404747 5.868697 -1.964337
4.377929 5.804105 -1.974966
4.342503 5.721279 -1.979427
4.310784 5.648026 -1.937063
4.285717 5.582674 -1.920494
4.261770 5.517011 -1.929783
4.236326 5.449205 -1.923233
4.210755 5.379680 -1.835827
4.192496 5.312405 -1.814154
4.176695 5.248765 -1.794655
4.162734 5.187443 -1.743654
4.150640 5.118174 -1.748676
4.138770 5.052149 -1.731938
4.128425 4.988510 -1.615111
4.125357 4.919324 -1.547880
4.126893 4.852336 -1.495977
4.131860 4.786071 -1.509655
4.136158 4.715859 -1.467164
4.143764 4.642723 -1.424116
4.154655 4.569010 -1.386605
4.167243 4.501442 -1.321701
4.182999 4.439505 -1.320135
4.196244 4.387775 -1.434946
4.208214 4.300206 -1.472895
4.213398 4.247422 -1.636805
4.209639 4.190552 -1.640012
4.204322 4.113868 -1.609388
4.201347 4.036805 -1.606034
4.198041 3.943025 -1.644395
4.191473 3.853940 -1.671728
4.184703 3.787096 -1.694982
4.176699 3.722975 -1.648898
4.172017 3.663148 -1.648041
4.167386 3.603320 -1.628364
4.163827 3.541564 -1.623869
4.160482 3.478596 -1.661398
4.155048 3.418783 -1.671298
4.149048 3.359283 -1.675887
4.143583 3.307472 -1.719463
4.127684 3.201319 -1.759677
4.102963 3.071996 -1.761975
4.088114 2.995275 -1.854174
4.071340 2.937675 -1.892541
4.052361 2.880738 -1.940596
4.033640 2.832442 -1.992096
3.997113 2.750931 -2.054658
3.969701 2.698771 -2.104264
3.939392 2.647450 -2.131915
3.870353 2.537605 -2.243369
3.832209 2.489713 -2.319761
3.750317 2.401625 -2.371748
3.710009 2.362551 -2.399675
3.669792 2.325688 -2.492623
3.622948 2.290153 -2.541035
3.572474 2.255580 -2.590964
3.520292 2.223542 -2.712612
3.439149 2.186429 -2.723707
3.388588 2.163977 -2.722468
3.317065 2.132113 -2.433516
3.282567 2.102575 -0.102130
3.282960 2.102535 -0.212090
3.283026 2.102521 -1.996638
3.277924 2.091274 2.879682
3.277742 2.091322 2.745817
3.277296 2.091509 3.022632
3.242683 2.095646 2.186524
3.225683 2.119675 2.064991
3.198469 2.170185 1.718388
3.190218 2.225684 1.781927
3.177672 2.284220 1.609735
3.175341 2.344049 1.225799
3.194024 2.396037 1.488175
3.198341 2.448169 1.585056
3.197626 2.498341 1.661697
3.192678 2.552623 1.948659
3.173945 2.599817 1.723091
3.164834 2.659174 1.764356
3.153293 2.718052 1.888041
3.135509 2.772217 1.435817
3.143157 2.828531 1.435822
3.150805 2.884846 1.435821
3.158452 2.941160 1.435814
3.166100 2.997475 1.435821
3.173748 3.053789 1.435821
3.181395 3.110103 1.435818
3.189043 3.166418 1.435822
3.196690 3.222732 1.435817
EOP
3.165832 2.782350 0.797383
3.211174 2.828792 0.833022
3.253405 2.875250 0.871098
3.292525 2.921724 0.911750
3.328534 2.968212 0.955117
3.361431 3.014716 1.001263
3.391218 3.061236 1.050290
3.417894 3.107770 1.102181
3.441459 3.154321 1.156932
3.461912 3.200886 1.214386
3.479254 3.247468 1.274376
3.493486 3.294064 1.336604
3.504606 3.340677 1.400686
3.512615 3.387304 1.466172
3.517513 3.433947 1.532512
3.519300 3.480605 1.565838
3.519552 3.531329 1.565833
3.519804 3.582053 1.565833
3.520056 3.632777 1.565838
3.520307 3.683501 1.565838
3.520559 3.734225 1.565833
3.520810 3.784949 1.565838
3.521062 3.835673 1.565833
3.521314 3.886397 1.565833
3.521565 3.937121 1.565838
3.521817 3.987845 1.565838
3.522069 4.038569 1.565833
3.522320 4.089293 1.565838
3.522572 4.140018 1.565838
3.522823 4.190742 1.565838
3.523075 4.241466 1.565828
3.523327 4.292189 1.565838
3.523578 4.342914 1.565837
3.523830 4.393637 1.565838
3.524081 4.444362 1.565833
3.524333 4.495085 1.565838
3.524585 4.545810 1.565837
3.524836 4.596533 1.565833
3.525088 4.647258 1.565837
3.525340 4.697981 1.565833
3.525591 4.748705 1.565833
3.525843 4.799429 1.565838
3.526095 4.850153 1.565838
3.526346 4.900877 1.565837
3.526598 4.951601 1.565833
3.526850 5.002326 1.565833
3.527101 5.053050 1.565838
3.527353 5.103774 1.565833
3.527605 5.154498 1.565833
3.527856 5.205222 1.565842
3.528108 5.255946 1.565833
3.528359 5.306670 1.565833
3.528611 5.357394 1.565838
3.528863 5.408118 1.565837
3.529114 5.458841 1.565833
3.529366 5.509565 1.565833
3.529618 5.560289 1.565838
3.529869 5.611014 1.565838
3.530121 5.661738 1.565833
3.530373 5.712462 1.565838
3.530624 5.763186 1.565838
3.530876 5.813910 1.565833
3.531127 5.864634 1.565833
3.531379 5.915358 1.565838
3.531631 5.966082 1.565837
3.531882 6.016806 1.565833
3.532134 6.067530 1.565838
3.532386 6.118254 1.565838
3.532637 6.168978 1.565828
3.532889 6.219702 1.565838
3.533141 6.270426 1.565838
3.533392 6.321150 1.565838
3.533644 6.371874 1.565833
3.533895 6.422598 1.565838
3.534147 6.473322 1.565833
3.534399 6.524046 1.565833
3.534651 6.574770 1.565838
3.534902 6.625494 1.565838
3.535154 6.676219 1.565833
3.535405 6.726942 1.565838
3.535657 6.777666 1.565833
3.535909 6.828390 1.565838
3.536160 6.879115 1.565833
3.536412 6.929838 1.565838
3.536664 6.980562 1.599155
3.535340 7.027236 1.665503
3.530905 7.073925 1.730977
3.523359 7.120631 1.795071
3.512701 7.167350 1.857311
3.498932 7.214085 1.917260
3.482054 7.260837 1.974752
3.462063 7.307603 2.029482
3.438961 7.354385 2.081386
3.412749 7.401182 2.130405
3.383425 7.447995 2.176559
3.350990 7.494823 2.219914
3.315444 7.541667 2.260574
3.276788 7.588526 2.298659
3.235019 7.635400 2.334281
3.190140 7.682290 0.797383
3.235482 7.728732 0.833017
3.277714 7.775190 0.871100
3.316834 7.821663 0.911754
3.352843 7.868152 0.955107
3.385740 7.914655 1.001263
3.415527 7.961175 1.050286
3.442202 8.007710 1.102191
3.465767 8.054260 1.156930
3.486220 8.100826 1.214388
3.503563 8.147408 1.274381
3.517794 8.194004 1.336601
3.528914 8.240616 1.400683
3.536924 8.287244 1.466166
3.541822 8.333886 1.532517
3.543609 8.380545 1.565834
3.543956 8.450544 1.565837
3.544303 8.520543 1.565834
3.544651 8.590542 1.565834
3.544998 8.660542 1.565837
EOP
3.891868 8.028813 -1.542438
3.893192 7.982140 -1.476083
3.897628 7.935451 -1.410609
3.905174 7.888746 -1.346526
3.915831 7.842026 -1.284316
3.929599 7.795290 -1.224297
3.946479 7.748539 -1.166861
3.966469 7.701772 -1.112098
3.989571 7.654991 -1.060211
4.015783 7.608193 -1.011192
4.045107 7.561380 -0.965037
4.077541 7.514552 -0.921668
4.113088 7.467709 -0.881013
4.151745 7.420850 -0.842947
4.193512 7.373975 -0.807307
4.238391 7.327085 -0.807301
4.283271 7.280196 -0.842937
4.325039 7.233322 -0.881035
4.363695 7.186462 -0.921668
4.399241 7.139618 -0.965048
4.431675 7.092790 -1.011171
4.460999 7.045978 -1.060223
4.487212 6.999180 -1.112102
4.510314 6.952398 -1.166849
4.530304 6.905632 -1.224319
4.547183 6.858881 -1.284285
4.560952 6.812145 -1.346531
4.571609 6.765426 -1.410605
4.579155 6.718720 -1.476100
4.583590 6.672031 -1.542433
4.584914 6.625358 -2.344205
4.539572 6.578915 -2.308567
4.497342 6.532457 -2.270501
4.458221 6.485984 -2.229843
4.422213 6.439496 -2.186483
4.389314 6.392991 -2.140329
4.359528 6.346473 -2.091298
4.332852 6.299937 -2.039406
4.309288 6.253387 -1.984666
4.288835 6.206821 -1.927205
4.271492 6.160240 -1.867221
4.257260 6.113644 -1.804980
4.246140 6.067031 -1.740911
4.238131 6.020404 -1.675424
4.233233 5.973761 -1.609082
4.231446 5.927103 -1.621834
4.228892 5.877115 -1.707268
4.222031 5.827148 -1.782147
4.211314 5.777201 -1.846344
4.197197 5.727271 -1.900230
4.180131 5.677354 -1.944356
4.160571 5.627451 -1.979364
4.138970 5.577557 -2.005909
4.115782 5.527672 -2.024491
4.091459 5.477791 -2.035457
4.066458 5.427915 -2.039102
4.041229 5.378039 -2.035464
4.016227 5.328163 -2.024483
3.991905 5.278283 -2.005906
3.968718 5.228397 -1.979379
3.947116 5.178504 -1.944345
3.927557 5.128600 -1.900228
3.910491 5.078685 -1.846357
3.896373 5.028754 -1.782143
3.885657 4.978806 -1.707272
3.878795 4.928840 -1.621829
3.876241 4.878852 -1.575762
3.875986 4.827382 -1.575753
3.875731 4.775912 -1.575762
3.875475 4.724442 -1.575753
3.875220 4.672972 -1.575762
3.874964 4.621502 -1.575748
3.874710 4.570032 -1.575762
3.874454 4.518562 -1.575753
3.874199 4.467092 -1.575762
3.873943 4.415622 -1.575762
3.873688 4.364152 -1.575753
3.873433 4.312682 -1.575753
3.873178 4.261212 -1.575762
3.872922 4.209743 -1.575762
3.872666 4.158272 -1.575753
3.872411 4.106802 -1.575757
3.872156 4.055333 -1.575757
3.871901 4.003862 -1.575762
3.871645 3.952393 -1.575753
3.871390 3.900923 -1.575757
3.871135 3.849452 -1.575757
3.870879 3.797983 -1.575757
3.870624 3.746513 -1.575757
3.870368 3.695043 -1.575757
3.870113 3.643573 -1.575757
3.869858 3.592103 -1.575757
3.869602 3.540633 -1.575757
3.869347 3.489163 -1.575753
3.869092 3.437693 -1.575762
3.868836 3.386223 -1.575757
3.868581 3.334753 -1.575757
3.868326 3.283283 -1.575757
3.868070 3.231813 -1.575757
3.867815 3.180343 -1.575757
3.867560 3.128873 -1.643915
3.862087 3.054154 -1.768449
3.847439 2.981012 -1.878855
3.825151 2.910968 -1.980175
3.796766 2.845547 -2.078111
3.763818 2.786272 -2.179506
3.727847 2.734663 -2.294159
3.690392 2.692246 -2.438493
3.652989 2.660544 -2.643712
3.617177 2.641078 -2.968775
3.584496 2.635374 2.812159
3.556482 2.644951 2.261536
3.534673 2.671335 1.875538
3.520609 2.716048 1.644721
EOP
3.879714 5.578843 1.565837
3.879981 5.632689 1.565833
3.880248 5.686534 1.565842
3.880515 5.740379 1.565828
3.880783 5.794225 1.565837
3.881050 5.848071 1.565833
3.881317 5.901917 1.565842
3.881584 5.955761 1.565828
3.881851 6.009607 1.565837
3.882118 6.063453 1.565837
3.882385 6.117298 1.565837
3.882652 6.171144 1.565828
3.882920 6.224989 1.565837
3.883187 6.278834 1.565837
3.883454 6.332680 1.565837
3.883721 6.386525 1.565837
3.883988 6.440372 1.565833
3.884255 6.494216 1.565833
3.884522 6.548062 1.565837
3.884789 6.601908 1.565837
3.885056 6.655753 1.565833
3.885324 6.709599 1.565837
3.885591 6.763444 1.565833
3.885858 6.817290 1.565837
3.886125 6.871135 1.565837
3.886392 6.924981 1.565833
3.886659 6.978826 1.599155
3.885335 7.025500 1.665502
3.880900 7.072190 1.730979
3.873354 7.118895 1.795078
3.862697 7.165614 1.857301
3.848928 7.212349 1.917266
3.832049 7.259100 1.974760
3.812058 7.305866 2.029474
3.788957 7.352648 2.081381
3.762744 7.399446 2.130409
3.733421 7.446259 2.176559
3.700986 7.493087 2.219915
3.665440 7.539930 2.260572
3.626783 7.586790 2.298661
3.585015 7.633663 2.334281
EOP
4.236655 6.977089 -1.575755
4.236308 6.907091 -1.575755
4.235960 6.837091 -1.575762
4.235613 6.767092 -1.575755
4.235266 6.697093 -1.575755
EOP
