-0.998144 0.462104 0.015133
-0.946619 0.462884 0.015132
-0.895094 0.463663 0.015132
-0.843568 0.464443 0.015132
-0.792043 0.465223 0.015132
-0.740518 0.466003 0.015132
-0.688993 0.466782 0.015132
-0.637467 0.467562 0.015133
-0.585942 0.468342 0.015132
-0.534417 0.469122 0.015133
-0.482891 0.469901 0.015132
-0.431366 0.470681 0.015132
-0.379841 0.471461 0.015132
-0.328316 0.472241 0.015133
-0.276790 0.473020 0.015132
-0.225265 0.473800 0.015132
-0.173740 0.474580 0.015132
-0.122214 0.475360 0.015132
-0.070689 0.476139 0.015132
-0.019164 0.476919 0.015132
0.032361 0.477699 0.015132
0.083887 0.478479 0.015133
0.135412 0.479258 0.015132
0.186937 0.480038 0.015133
0.238462 0.480818 0.015132
0.289988 0.481598 0.015133
0.341513 0.482377 0.015132
0.393038 0.483157 0.015132
0.444563 0.483937 0.015132
0.496089 0.484717 0.015133
0.547614 0.485496 0.015132
0.599139 0.486276 0.015133
0.650664 0.487056 0.015132
0.702190 0.487836 0.015133
0.753715 0.488615 0.015132
0.805240 0.489395 0.015133
0.856766 0.490175 0.015132
0.908291 0.490955 0.015132
0.959816 0.491734 0.015133
1.011341 0.492514 0.015132
1.062867 0.493294 0.015133
1.114392 0.494074 0.015132
1.165917 0.494853 0.015133
1.217443 0.495633 0.015132
1.268968 0.496413 0.015133
1.320493 0.497193 0.015132
1.372018 0.497972 0.015132
1.423544 0.498752 0.015132
1.475069 0.499532 0.015131
1.526594 0.500312 0.015133
1.578119 0.501091 0.015132
1.629645 0.501871 0.015132
1.681170 0.502651 0.015132
1.732695 0.503431 0.015132
1.784221 0.504210 0.015132
1.835746 0.504990 0.015132
1.887271 0.505770 0.015132
1.938796 0.506550 0.015132
1.990322 0.507329 0.015132
2.041847 0.508109 0.015132
2.093372 0.508889 0.015132
2.144897 0.509669 -1.043202
2.170809 0.465199 -1.043194
2.196722 0.420730 -1.043202
2.222633 0.376261 -1.043198
2.248545 0.331792 -1.043198
2.274457 0.287322 -1.043198
2.300370 0.242853 -1.043198
2.326282 0.198384 -1.043198
2.352194 0.153915 -1.043202
2.378105 0.109445 -1.043193
2.404018 0.064976 -1.043202
2.429929 0.020507 -1.043198
2.455842 -0.023962 -1.043202
2.481753 -0.068432 -1.043193
2.507666 -0.112901 -1.043202
2.533577 -0.157370 -1.043194
2.559490 -0.201839 -1.043202
2.585402 -0.246309 -1.043198
2.611314 -0.290778 -1.043198
2.637226 -0.335247 -1.043198
2.663138 -0.379717 -1.043198
2.689050 -0.424186 -1.043202
2.714962 -0.468655 -1.043198
2.740874 -0.513124 -1.043198
2.766786 -0.557594 -1.043198
2.792698 -0.602063 -1.043198
2.818610 -0.646532 -1.043198
2.844522 -0.691001 -1.043202
2.870434 -0.735471 -1.043198
2.896346 -0.779940 -1.043198
2.922258 -0.824409 -1.043202
2.948169 -0.868878 -1.043194
2.974082 -0.913348 -1.043202
2.999994 -0.957817 -1.043192
3.025906 -1.002286 -1.043203
3.051818 -1.046755 -2.380155
3.013874 -1.082923 -2.380160
2.975930 -1.119091 -2.380158
2.937986 -1.155258 -2.380157
2.900042 -1.191426 -2.380153
2.862098 -1.227594 -2.380157
2.824154 -1.263762 -2.380160
2.786210 -1.299929 -2.380155
2.748266 -1.336097 -2.380155
2.710322 -1.372265 -2.380157
2.672379 -1.408432 -2.380163
2.634434 -1.444600 -2.380150
2.596491 -1.480768 -2.380157
2.558547 -1.516935 -2.380160
2.520603 -1.553103 -2.380158
2.482659 -1.589271 -2.380155
2.444715 -1.625438 -2.380157
2.406771 -1.661606 -2.380158
2.368827 -1.697774 -2.380155
2.330883 -1.733942 -2.380155
2.292939 -1.770109 -2.380158
2.254995 -1.806277 -2.380157
2.217051 -1.842445 -2.380157
2.179107 -1.878612 -2.380155
2.141164 -1.914780 -2.380160
2.103220 -1.950948 -2.380155
2.065276 -1.987115 -2.380157
2.027332 -2.023283 -2.380160
1.989388 -2.059451 -2.380153
1.951444 -2.095618 -2.380158
1.913500 -2.131786 -2.380157
1.875556 -2.167954 -2.380157
1.837612 -2.204122 -2.380157
1.799668 -2.240289 -3.129627
1.748285 -2.240904 -3.129627
1.696902 -2.241519 -3.129627
1.645519 -2.242134 -3.129627
1.594137 -2.242749 -3.129631
1.542754 -2.243363 -3.129627
1.491371 -2.243978 -3.129627
1.439988 -2.244593 -3.129627
1.388605 -2.245208 -3.129627
1.337222 -2.245823 -3.129627
1.285839 -2.246438 -3.129627
1.234457 -2.247053 -3.129631
1.183074 -2.247667 -3.129622
1.131691 -2.248282 -3.129631
1.080308 -2.248897 -3.129627
1.028925 -2.249512 -3.129627
0.977542 -2.250127 -3.129627
0.926159 -2.250742 -3.129627
0.874776 -2.251357 -3.129627
0.823394 -2.251971 -3.129627
0.772011 -2.252586 -3.129631
0.720628 -2.253201 -3.129622
0.669245 -2.253816 -3.129631
0.617862 -2.254431 -3.129627
0.566479 -2.255046 -3.129627
0.515096 -2.255661 -3.129627
0.463714 -2.256275 -3.129627
0.412331 -2.256890 -3.129627
0.360948 -2.257505 -3.129631
0.309565 -2.258120 -3.129627
0.258182 -2.258735 -3.129622
0.206799 -2.259350 -3.129631
0.155416 -2.259964 -3.129627
0.104033 -2.260579 -3.129627
0.052651 -2.261194 -3.129627
0.001268 -2.261809 -3.129627
-0.050115 -2.262424 -3.129631
-0.101498 -2.263039 -3.129622
-0.152881 -2.263654 -3.129631
-0.204264 -2.264268 -3.129627
-0.255647 -2.264883 -3.129627
-0.307030 -2.265498 -3.129627
-0.358412 -2.266113 -3.129627
-0.409795 -2.266728 -3.129631
-0.461178 -2.267343 -3.129622
-0.512561 -2.267958 -3.129631
-0.563944 -2.268572 -3.129627
-0.615327 -2.269187 -3.129627
-0.666710 -2.269802 -3.129627
-0.718093 -2.270417 -3.129627
-0.769475 -2.271032 2.326579
-0.804725 -2.233630 2.326575
-0.839974 -2.196229 2.326583
-0.875223 -2.158828 2.326575
-0.910472 -2.121426 2.326579
-0.945722 -2.084024 2.326580
-0.980971 -2.046623 2.326579
-1.016220 -2.009222 2.326579
-1.051469 -1.971820 2.326579
-1.086719 -1.934419 2.326578
-1.121968 -1.897017 2.326579
-1.157217 -1.859616 2.326579
-1.192466 -1.822214 2.326581
-1.227715 -1.784813 2.326574
-1.262965 -1.747411 2.326579
-1.298214 -1.710010 2.326579
-1.333463 -1.672608 2.326578
-1.368712 -1.635207 2.326581
-1.403962 -1.597806 2.326578
-1.439211 -1.560404 2.326576
-1.474460 -1.523002 2.326579
-1.509709 -1.485601 2.326581
-1.544958 -1.448200 2.326577
-1.580208 -1.410798 2.326578
-1.615457 -1.373397 2.326581
-1.650706 -1.335995 2.326579
-1.685955 -1.298594 2.326578
-1.721205 -1.261192 2.326577
-1.756454 -1.223791 2.326581
-1.791703 -1.186389 2.326579
-1.826952 -1.148988 2.326577
-1.862201 -1.111586 2.326578
-1.897451 -1.074185 2.326581
-1.932700 -1.036783 2.326577
-1.967949 -0.999382 2.326578
-2.003198 -0.961980 2.326579
-2.038448 -0.924579 2.326580
-2.073697 -0.887178 2.326578
-2.108946 -0.849776 2.326579
-2.144195 -0.812375 2.326578
-2.179445 -0.774973 2.326580
-2.214694 -0.737572 2.326578
-2.249943 -0.700170 2.326578
-2.285192 -0.662769 2.326579
-2.320441 -0.625367 0.688258
-2.280372 -0.592413 0.688255
-2.240302 -0.559460 0.688261
-2.200233 -0.526506 0.688254
-2.160163 -0.493552 0.688261
-2.120094 -0.460599 0.688255
-2.080024 -0.427645 0.688257
-2.039954 -0.394691 0.688258
-1.999885 -0.361738 0.688257
-1.959815 -0.328784 0.688257
-1.919745 -0.295830 0.688256
-1.879676 -0.262877 0.688258
-1.839606 -0.229923 0.688257
-1.799536 -0.196969 0.688258
-1.759467 -0.164016 0.688255
-1.719397 -0.131062 0.688259
-1.679328 -0.098108 0.688257
-1.639258 -0.065155 0.688258
-1.599188 -0.032201 0.688256
-1.559119 0.000753 0.688258
-1.519049 0.033706 0.688258
-1.478980 0.066660 0.688258
-1.438910 0.099614 0.688256
-1.398840 0.132567 0.688257
-1.358771 0.165521 0.688257
-1.318701 0.198475 0.688258
-1.278631 0.231428 0.688257
-1.238562 0.264382 0.688259
-1.198492 0.297336 0.688255
-1.158423 0.330289 0.688258
-1.118353 0.363243 0.688257
-1.078283 0.396197 0.688257
-1.038214 0.429150 0.688257
EOP
-0.862053 0.393100 0.015132
-0.792061 0.394159 0.015133
-0.722069 0.395218 0.015132
-0.652077 0.396278 0.015132
-0.582085 0.397337 0.015132
-0.512093 0.398396 -0.037451
-0.445548 0.395903 -0.159540
-0.385896 0.386304 -0.306619
-0.333137 0.369601 -0.478810
-0.287271 0.345792 -0.670597
-0.248299 0.314878 -0.869935
-0.216220 0.276859 -1.061723
-0.191034 0.231735 -1.233914
-0.172742 0.179506 -1.380992
-0.161343 0.120172 -1.503081
-0.156837 0.053732 -1.555664
-0.156058 0.002267 -1.555664
-0.155279 -0.049197 -1.555664
-0.154501 -0.100662 -1.555664
-0.153722 -0.152127 -1.555664
-0.152943 -0.203591 -1.555664
-0.152164 -0.255056 -1.555664
-0.151385 -0.306521 -1.555664
-0.150606 -0.357985 -1.555664
-0.149828 -0.409450 -1.555664
-0.149049 -0.460915 -1.555664
-0.148270 -0.512380 -1.555664
-0.147491 -0.563844 -1.555664
-0.146712 -0.615309 -1.555664
-0.145933 -0.666774 -1.555664
-0.145155 -0.718238 -1.555664
-0.144376 -0.769703 -1.555664
-0.143597 -0.821168 -1.555664
-0.142818 -0.872632 -1.555664
-0.142039 -0.924097 -1.555664
-0.141261 -0.975562 -1.555664
-0.140482 -1.027027 -1.555664
-0.139703 -1.078491 -1.555664
-0.138924 -1.129956 -1.555664
-0.138145 -1.181421 -1.555664
-0.137366 -1.232885 -1.555664
-0.136588 -1.284350 -1.555664
-0.135809 -1.335815 -1.555664
-0.135030 -1.387279 -1.555664
-0.134251 -1.438744 -1.555664
-0.133472 -1.490209 -1.555664
-0.132693 -1.541673 -1.555664
-0.131915 -1.593138 -1.555665
-0.131136 -1.644603 -1.555664
-0.130357 -1.696068 -1.608247
-0.132850 -1.762613 -1.730336
-0.142449 -1.822265 -1.877416
-0.159152 -1.875024 -2.049605
-0.182961 -1.920889 -2.241396
-0.213875 -1.959861 -2.440729
-0.251894 -1.991940 -2.632521
-0.297018 -2.017126 -2.804710
-0.349247 -2.035419 -2.951790
-0.408581 -2.046818 -3.073877
-0.475021 -2.051323 3.123404
-0.521706 -2.050474 3.057058
-0.568438 -2.046514 2.991581
-0.615217 -2.039444 2.927489
-0.662043 -2.029262 2.865262
-0.708916 -2.015970 2.805286
-0.755836 -1.999567 2.747815
-0.802803 -1.980053 2.693080
-0.849818 -1.957429 2.641174
-0.896879 -1.931693 2.592155
-0.943988 -1.902847 2.545999
-0.991143 -1.870890 2.502645
-1.038346 -1.835823 2.461985
-1.085596 -1.797645 2.423908
-1.132893 -1.756356 2.388274
-1.180237 -1.711956 2.371326
-1.219710 -1.673660 2.371327
-1.259182 -1.635364 2.371326
-1.298655 -1.597068 2.371330
-1.338128 -1.558772 2.371324
-1.377601 -1.520476 2.371324
-1.417074 -1.482180 2.371329
-1.456547 -1.443884 2.371327
-1.496020 -1.405588 2.371324
-1.535493 -1.367292 2.371327
-1.574966 -1.328996 2.371326
-1.614438 -1.290700 2.371327
-1.653911 -1.252404 2.371326
-1.693384 -1.214108 2.371326
-1.732857 -1.175812 2.371329
-1.772330 -1.137516 2.371326
-1.811803 -1.099220 2.371326
-1.851276 -1.060924 2.371327
-1.890749 -1.022628 2.341097
-1.943550 -0.968208 2.262742
-1.984023 -0.919363 2.151782
-2.012898 -0.875385 1.995516
-2.030907 -0.835564 1.783952
-2.038780 -0.799191 1.525284
-2.037248 -0.765556 1.258459
-2.027042 -0.733951 1.030941
-2.008895 -0.703666 0.863625
-1.983535 -0.673992 0.751835
-1.951694 -0.644220 0.682909
-1.914104 -0.613641 0.645583
-1.871495 -0.581545 0.631780
-1.824598 -0.547224 0.636049
-1.774144 -0.509968 0.654703
-1.720865 -0.469068 0.685153
-1.665490 -0.423815 0.725476
-1.608752 -0.373499 0.774081
-1.551381 -0.317412 0.783582
-1.505402 -0.271600 0.747949
-1.459376 -0.228899 0.709870
-1.413303 -0.189308 0.669213
-1.367183 -0.152828 0.625857
-1.321016 -0.119459 0.579704
-1.274802 -0.089201 0.530680
-1.228541 -0.062053 0.478781
-1.182233 -0.038016 0.424041
-1.135878 -0.017090 0.366577
-1.089475 0.000725 0.306588
-1.043026 0.015429 0.244364
-0.996529 0.027023 0.180281
-0.949986 0.035506 0.114800
-0.903395 0.040879 0.048453
-0.856757 0.043140 -0.037451
-0.790212 0.040647 -0.159540
-0.730560 0.031048 -0.306618
-0.677801 0.014345 -0.478810
-0.631935 -0.009464 -0.670597
-0.592963 -0.040378 -0.869934
-0.560884 -0.078397 -1.061723
-0.535698 -0.123521 -1.233914
-0.517406 -0.175750 -1.380992
-0.506007 -0.235084 -1.503081
-0.501501 -0.301524 -1.555665
-0.500665 -0.356781 -1.555664
-0.499829 -0.412038 -1.555664
-0.498992 -0.467294 -1.555664
-0.498156 -0.522551 -1.555664
-0.497320 -0.577808 -1.555665
-0.496484 -0.633065 -1.555664
-0.495647 -0.688322 -1.555664
-0.494811 -0.743579 -1.555665
-0.493975 -0.798835 -1.555665
-0.493139 -0.854092 -1.555664
-0.492303 -0.909349 -1.555664
-0.491466 -0.964606 -1.555665
-0.490630 -1.019863 -1.555664
-0.489794 -1.075119 -1.555665
-0.488958 -1.130376 -1.555664
-0.488122 -1.185633 -1.555664
-0.487285 -1.240890 -1.555665
-0.486449 -1.296147 -1.555664
-0.485613 -1.351404 -1.616862
-0.488295 -1.409582 -1.757366
-0.497925 -1.460599 -1.923713
-0.514076 -1.504447 -2.116025
-0.536320 -1.541120 -2.328659
-0.564230 -1.570611 -2.549331
-0.597379 -1.592915 -2.762798
-0.635339 -1.608024 -2.956955
-0.677683 -1.615932 -3.126462
-0.723984 -1.616633 3.011621
-0.773813 -1.610120 2.887727
-0.826745 -1.596386 2.781117
-0.882350 -1.575426 2.688126
-0.940202 -1.547232 2.605742
-0.999874 -1.511799 2.531584
-1.060938 -1.469119 2.463820
-1.122967 -1.419187 2.401044
-1.185533 -1.361996 2.354379
-1.231345 -1.316017 2.318746
-1.274046 -1.269991 2.280666
-1.313637 -1.223918 2.240012
-1.350117 -1.177798 2.196650
-1.383486 -1.131631 2.150502
-1.413744 -1.085417 2.101474
-1.440892 -1.039156 2.049578
-1.464928 -0.992848 1.994835
-1.485854 -0.946492 1.937372
-1.503670 -0.900090 1.877387
-1.518374 -0.853641 1.815161
-1.529968 -0.807144 1.751075
-1.538451 -0.760600 1.685595
-1.543823 -0.714010 1.619252
-1.546085 -0.667372 0.770813
-1.485278 -0.608314 0.708036
-1.424789 -0.556527 0.640273
-1.365044 -0.512020 0.566115
-1.306472 -0.474797 0.483730
-1.249499 -0.444865 0.390742
-1.194553 -0.422232 0.284125
-1.142062 -0.406903 0.160236
-1.092453 -0.398885 0.015133
-1.046152 -0.398185 -0.154368
-1.003588 -0.404808 -0.348535
-0.965188 -0.418761 -0.561991
-0.931380 -0.440051 -0.782673
-0.902590 -0.468685 -0.995303
-0.879246 -0.504668 -1.187615
-0.861776 -0.548007 -1.353963
-0.850606 -0.598709 -1.494466
-0.846165 -0.656780 -1.555665
-0.845106 -0.726772 -1.555664
-0.844046 -0.796764 -1.555664
-0.842987 -0.866756 -1.555665
-0.841928 -0.936748 -1.555664
-0.840869 -1.006740 -1.634550
-0.844994 -1.071350 -1.865369
-0.858602 -1.116204 -2.251360
-0.880141 -1.142809 -2.801982
-0.908056 -1.152671 2.978932
-0.940794 -1.147298 2.653878
-0.976802 -1.128198 2.448665
-1.014525 -1.096878 2.304334
-1.052410 -1.054844 2.189679
-1.088904 -1.003605 2.088277
-1.122453 -0.944667 1.990350
-1.151503 -0.879538 1.889020
-1.174500 -0.809725 1.778630
-1.189892 -0.736735 1.654083
EOP
0.903635 -0.630300 0.015132
0.973627 -0.629240 0.015132
1.043619 -0.628181 0.015133
1.113611 -0.627122 0.015132
1.183603 -0.626063 0.015133
1.253595 -0.625004 2.354380
1.207783 -0.579025 2.318743
1.165081 -0.532999 2.280667
1.125491 -0.486926 2.240010
1.089011 -0.440806 2.196657
1.055642 -0.394639 2.150496
1.025384 -0.348425 2.101479
0.998236 -0.302164 2.049575
0.974199 -0.255856 1.994836
0.953273 -0.209500 1.937373
0.935458 -0.163098 1.877385
0.920753 -0.116649 1.815161
0.909160 -0.070152 1.751076
0.900677 -0.023608 1.685599
0.895304 0.022982 1.619248
0.893043 0.069620 1.533346
0.895536 0.136166 1.411255
0.905135 0.195818 1.264179
0.921838 0.248576 1.091986
0.945647 0.294442 0.900200
0.976561 0.333414 0.700862
1.014580 0.365493 0.509073
1.059704 0.390679 0.336883
1.111933 0.408971 0.189804
1.171267 0.420370 0.067716
1.237707 0.424876 0.015132
1.307699 0.425935 0.015132
1.377691 0.426995 0.015132
1.447683 0.428054 0.015132
1.517675 0.429113 0.015132
1.587667 0.430172 -0.018189
1.634351 0.429323 -0.084536
1.681083 0.425363 -0.150017
1.727863 0.418292 -0.214100
1.774689 0.408111 -0.276326
1.821562 0.394818 -0.336311
1.868482 0.378415 -0.393777
1.915449 0.358902 -0.448515
1.962464 0.336277 -0.500417
2.009525 0.310542 -0.549438
2.056633 0.281696 -0.595594
2.103789 0.249739 -0.638949
2.150992 0.214671 -0.679606
2.198242 0.176493 -0.717684
2.245538 0.135204 -0.753318
2.292882 0.090804 -1.509592
2.295944 0.040845 -1.424149
2.303314 -0.009049 -1.349268
2.314538 -0.058885 -1.285071
2.329163 -0.108670 -1.231197
2.346735 -0.158409 -1.187074
2.366802 -0.208111 -1.152054
2.388909 -0.257783 -1.125508
2.412603 -0.307430 -1.106947
2.437431 -0.357060 -1.095947
2.462939 -0.406680 -1.092322
2.488674 -0.456296 -1.095957
2.514182 -0.505915 -1.106940
2.539010 -0.555545 -1.125511
2.562704 -0.605193 -1.152050
2.584811 -0.654864 -1.187069
2.604878 -0.704566 -1.231197
2.622450 -0.754306 -1.285071
2.637075 -0.804090 -1.349273
2.648299 -0.853926 -1.424149
2.655669 -0.903820 -1.509592
2.658731 -0.953780 -1.588985
2.657881 -1.000464 -1.655331
2.653921 -1.047196 -1.720813
2.646851 -1.093975 -1.784894
2.636669 -1.140801 -1.847127
2.623377 -1.187675 -1.907103
2.606974 -1.234595 -1.964574
2.587460 -1.281562 -2.019311
2.564836 -1.328577 -2.071215
2.539100 -1.375638 -2.120237
2.510254 -1.422747 -2.166390
2.478297 -1.469902 -2.209743
2.443230 -1.517105 -2.250404
2.405051 -1.564355 -2.288481
2.363762 -1.611651 -2.324114
2.319363 -1.658995 -2.358010
2.273384 -1.704808 -2.393645
2.227358 -1.747509 -2.431720
2.181285 -1.787099 -2.472382
2.135165 -1.823579 -2.515737
2.088998 -1.856948 -2.561885
2.042784 -1.887207 -2.610917
1.996523 -1.914354 -2.662814
1.950215 -1.938391 -2.717550
1.903859 -1.959317 -2.775016
1.857457 -1.977132 -2.835002
1.811007 -1.991837 -2.897223
1.764511 -2.003431 -2.961319
1.717967 -2.011914 -3.026792
1.671377 -2.017286 -3.093137
1.624739 -2.019547 -3.126459
1.554747 -2.020607 -3.126459
1.484755 -2.021666 -3.126463
1.414763 -2.022725 -3.126459
1.344771 -2.023784 -3.126463
1.274779 -2.024843 3.104141
1.208233 -2.022350 2.982052
1.148582 -2.012752 2.834977
1.095823 -1.996048 2.662783
1.049957 -1.972239 2.470994
1.010985 -1.941325 2.271658
0.978906 -1.903306 2.079868
0.953720 -1.858182 1.907681
0.935428 -1.805953 1.760600
0.924029 -1.746619 1.638512
0.919523 -1.680179 1.585929
0.918464 -1.610188 1.585927
0.917405 -1.540196 1.585930
0.916345 -1.470204 1.585928
0.915286 -1.400211 1.585929
0.914227 -1.330220 1.533346
0.916720 -1.263674 1.411254
0.926319 -1.204022 1.264179
0.943022 -1.151263 1.091986
0.966831 -1.105398 0.900200
0.997745 -1.066426 0.700862
1.035764 -1.034347 0.509072
1.080888 -1.009161 0.336883
1.133117 -0.990869 0.189804
1.192451 -0.979469 0.067715
1.258891 -0.974964 0.834999
1.301735 -0.927643 0.911186
1.338358 -0.880417 0.997925
1.368760 -0.833285 1.095973
1.392939 -0.786247 1.205422
1.410898 -0.739303 1.325324
1.422635 -0.692454 1.453378
1.428150 -0.645698 1.585930
1.427444 -0.599037 1.718479
1.420516 -0.552470 1.846530
1.407367 -0.505997 1.966437
1.387996 -0.459618 2.075885
1.362404 -0.413333 2.173930
1.330591 -0.367142 2.260670
1.292555 -0.321046 2.336857
1.248299 -0.275044 1.533349
1.250792 -0.208498 1.411250
1.260391 -0.148846 1.264182
1.277094 -0.096088 1.091987
1.300903 -0.050222 0.900199
1.331817 -0.011250 0.700862
1.369836 0.020829 0.509074
1.414960 0.046015 0.336882
1.467189 0.064307 0.189805
1.526523 0.075706 0.067715
1.592963 0.080212 -0.037451
1.659508 0.077719 -0.159539
1.719160 0.068120 -0.306620
1.771919 0.051417 -0.478809
1.817784 0.027608 -0.670597
1.856757 -0.003306 -0.869934
1.888836 -0.041325 -1.061724
1.914021 -0.086449 -1.233913
1.932314 -0.138678 -1.380993
1.943713 -0.198012 -1.503081
1.948219 -0.264452 -0.787214
1.994031 -0.310430 -0.822849
2.036732 -0.356456 -0.860926
2.076323 -0.402529 -0.901580
2.112803 -0.448649 -0.944942
2.146171 -0.494816 -0.991094
2.176430 -0.541030 -1.040119
2.203577 -0.587291 -1.092011
2.227614 -0.633600 -1.146757
2.248540 -0.679955 -1.204218
2.266356 -0.726357 -1.264209
2.281060 -0.772807 -1.326432
2.292654 -0.819303 -1.390512
2.301137 -0.865847 -1.456000
2.306509 -0.912438 -1.522341
2.308771 -0.959076 -1.604836
2.306983 -1.011565 -1.699676
2.300205 -1.063867 -1.789247
2.288695 -1.115716 -1.873801
2.272710 -1.166845 -1.953755
2.252511 -1.216988 -2.029714
2.228354 -1.265877 -2.102369
2.200499 -1.313248 -2.172413
2.169204 -1.358833 -2.240620
2.134727 -1.402366 -2.307705
2.097328 -1.443580 -2.374421
2.057264 -1.482210 -2.441508
2.014794 -1.517988 -2.509705
1.970177 -1.550648 -2.579764
1.923671 -1.579924 -2.652405
1.875534 -1.605549 -2.728369
1.826026 -1.627257 -2.808328
1.775404 -1.644781 -2.892870
1.723927 -1.657855 -2.982450
1.671854 -1.666213 -3.077292
1.619443 -1.669587 3.095528
1.561264 -1.666906 2.955022
1.510247 -1.657275 2.788674
1.466399 -1.641124 2.596367
1.429726 -1.618880 2.383729
1.400235 -1.590970 2.163050
1.377932 -1.557821 1.949598
1.362823 -1.519861 1.755426
1.354915 -1.477517 1.585932
1.354214 -1.431216 1.440820
1.360727 -1.381387 1.316939
1.374460 -1.328456 1.210317
1.395421 -1.272850 1.117332
1.423614 -1.214998 1.034945
1.459048 -1.155326 0.960787
1.501727 -1.094262 0.893023
1.551659 -1.032234 0.830248
1.608851 -0.969668 0.834999
1.651695 -0.922347 0.911185
1.688318 -0.875121 0.997926
1.718720 -0.827989 1.095973
1.742899 -0.780951 1.205425
1.760858 -0.734007 1.325323
1.772595 -0.687158 1.453383
1.778110 -0.640402 1.585925
1.777404 -0.593741 1.718482
1.770476 -0.547174 1.846528
1.757327 -0.500700 1.966438
1.737956 -0.454322 2.075884
1.712364 -0.408037 2.173930
1.680551 -0.361846 2.260670
1.642515 -0.315750 2.336858
EOP
1.958811 -0.964372 -1.608250
1.956317 -1.030917 -1.730330
1.946719 -1.090569 -1.877420
1.930015 -1.143328 -2.049602
1.906207 -1.189193 -2.241395
1.875293 -1.228166 -2.440732
1.837274 -1.260244 -2.632518
1.792150 -1.285430 -2.804710
1.739920 -1.303723 -2.951790
1.680586 -1.315122 -3.073877
EOP
