-10.956488 -11.796148 === 12.537937 -11.370975
12.345932 -8.575708 === -3.118451 -8.799970
-6.334436 -8.845244 === -10.746662 -8.939899
-8.976370 -6.296428 === -6.281518 -6.253407
-3.220234 -6.208294 === 9.134980 -6.021897
8.724762 -3.787816 === -8.715385 -3.596571
9.111857 3.074018 === -8.249517 3.005079
-8.453360 5.294708 === -5.699483 5.395510
-3.047600 5.440765 === 8.907738 5.523239
-11.157349 8.326756 === -5.957808 8.210471
-3.302828 8.306962 === 11.990501 8.539708
12.045351 11.510097 === -11.049885 11.401089
-15.417225 6.611302 === -15.409439 -7.529073
-12.301859 -7.328074 === -12.356815 -1.669487
-12.196489 2.232255 === -12.247774 6.554715
13.384064 7.233281 === 13.527081 2.440093
13.459307 -0.834942 === 13.707907 -7.021135
16.551115 -6.918365 === 16.450500 7.122170
